Output from Radio_Raw_Data_Test.ino
7/9/15
Used MoteinoMega that was located on kitchen table
Davis ISS had a new battery




Davis ISS Radio test for MoteinoMega
RxTime	RSSI	chan	crc err	ID	packet
0	-62	0	0	3	52 00 84 FF 70 00 2B 27 
2679	-65	1	0	3	92 00 84 04 00 18 1D D4 
2686	-62	2	0	3	82 00 84 29 88 00 C2 CF 
2686	-68	3	0	3	E2 00 84 80 00 00 2C EB 
2686	-60	4	0	3	52 00 84 FF 70 00 2B 27 
2687	-63	5	0	3	A2 00 84 DA 28 00 50 BB 
2686	-64	6	0	3	82 00 84 29 88 00 C2 CF 
2686	-64	7	0	3	E2 00 84 80 00 00 2C EB 
2687	-59	8	0	3	52 00 84 FF 70 00 2B 27 
2686	-70	9	0	3	A2 00 84 DA 28 00 50 BB 
2686	-58	10	0	3	82 00 84 29 88 00 C2 CF 
2687	-58	11	0	3	E2 00 84 80 00 00 2C EB 
2686	-64	12	0	3	52 00 84 FF 70 00 2B 27 
2686	-62	13	0	3	62 00 84 FF C0 00 1A A6 
2686	-59	14	0	3	82 00 84 29 88 00 C2 CF 
2686	-60	15	0	3	E2 00 84 80 00 00 2C EB 
2686	-59	16	0	3	52 00 84 FF 70 00 2B 27 
2686	-71	17	0	3	42 00 84 FF C0 00 2F AE 
2686	-60	18	0	3	82 00 84 29 88 00 C2 CF 
2686	-70	19	0	3	E2 00 84 80 00 00 2C EB 
2686	-59	20	0	3	52 00 84 FF 70 00 2B 27 
2687	-63	21	0	3	92 00 84 04 00 28 2B 87 
RxTime	RSSI	chan	crc err	ID	packet
2687	-64	22	0	3	82 00 84 29 88 00 C2 CF 
2675	-65	23	0	3	E2 00 84 80 00 00 2C EB 
2687	-60	24	0	3	52 00 84 FF 70 00 2B 27 
2686	-68	25	0	3	A2 00 84 E0 28 00 52 DF 
2686	-59	26	0	3	82 00 84 29 88 00 C2 CF 
2687	-59	27	0	3	E2 00 84 80 00 00 2C EB 
2686	-68	28	0	3	52 00 84 FF 70 00 2B 27 
2686	-64	29	0	3	A2 00 84 E0 28 00 52 DF 
2686	-63	30	0	3	82 00 84 29 88 00 C2 CF 
2686	-60	31	0	3	E2 00 84 80 00 00 2C EB 
2686	-66	32	0	3	52 00 84 FF 70 00 2B 27 
2686	-61	33	0	3	62 00 84 FF C0 00 1A A6 
2686	-59	34	0	3	82 00 84 29 88 00 C2 CF 
2686	-65	35	0	3	E2 00 84 80 01 00 1F DA 
2686	-72	36	0	3	52 00 84 FF 71 00 18 16 
2687	-64	37	0	3	42 00 84 FF C1 00 1C 9F 
2686	-59	38	0	3	82 00 84 29 89 00 F1 FE 
2686	-59	39	0	3	E2 00 84 80 01 00 1F DA 
2687	-69	40	0	3	52 00 84 FF 71 00 18 16 
2686	-62	41	0	3	92 00 84 04 01 38 0A 87 
2686	-64	42	0	3	82 00 84 29 89 00 F1 FE 
Got CRC error. E8 3A 28 4A E3 79 C8 43    Seconds since last error: 146    Minutes running: 2.43

72565	-60	18	1	3	A2 00 84 E2 29 00 0F 8E 
RxTime	RSSI	chan	crc err	ID	packet
2687	-69	19	1	3	82 00 84 29 99 00 F2 8D 
2673	-59	20	1	3	E2 00 84 80 01 00 1F DA 
2686	-64	21	1	3	52 00 84 FF 71 00 18 16 
2686	-64	22	1	3	62 00 84 FF C1 00 29 97 
2686	-63	23	1	3	82 00 84 29 89 00 F1 FE 
2686	-58	24	1	3	E2 00 84 80 01 00 1F DA 
2687	-67	25	1	3	52 00 84 FF 71 00 18 16 
Got CRC error. 42 00 C6 FF 60 00 8E CF    Seconds since last error: 93    Minutes running: 4.00

5374	-59	27	2	3	82 00 84 29 89 00 F1 FE 
2687	-67	28	2	3	E2 00 84 80 01 00 1F DA 
2686	-65	29	2	3	52 00 84 FF 71 00 18 16 
2686	-63	30	2	3	92 00 84 04 01 58 66 21 
2687	-60	31	2	3	82 00 84 29 99 00 F2 8D 
2686	-64	32	2	3	E2 00 84 80 01 00 1F DA 
2686	-61	33	2	3	52 00 84 FF 71 00 18 16 
2686	-59	34	2	3	A2 00 84 E3 29 00 38 BE 
2686	-66	35	2	3	82 00 84 29 99 00 F2 8D 
2686	-68	36	2	3	E2 00 84 80 01 00 1F DA 
2686	-69	37	2	3	52 00 84 FF 71 00 18 16 
2687	-59	38	2	3	A2 00 84 E3 29 00 38 BE 
2686	-63	39	2	3	82 00 84 29 99 00 F2 8D 
2686	-70	40	2	3	E2 00 84 80 01 00 1F DA 
2687	-61	41	2	3	52 00 84 FF 71 00 18 16 
RxTime	RSSI	chan	crc err	ID	packet
2687	-70	42	2	3	62 00 84 FF C1 00 29 97 
Got CRC error. 52 E9 5E E8 09 27 46 9F    Seconds since last error: 44    Minutes running: 4.74

72553	-62	18	3	3	52 00 84 FF 71 00 18 16 
2686	-77	19	3	3	92 00 84 04 01 78 42 43 
2687	-59	20	3	3	82 00 84 29 99 00 F2 8D 
2686	-59	21	3	3	E2 00 84 80 01 00 1F DA 
2686	-68	22	3	3	52 00 84 FF 71 00 18 16 
2687	-65	23	3	3	A2 00 84 EB 29 00 91 1F 
2686	-57	24	3	3	82 00 84 29 99 00 F2 8D 
2686	-70	25	3	3	E2 00 84 80 01 00 1F DA 
2687	-59	26	3	3	52 00 84 FF 71 00 18 16 
2686	-63	27	3	3	A2 00 84 EB 29 00 91 1F 
2686	-67	28	3	3	82 00 84 29 99 00 F2 8D 
2686	-67	29	3	3	E2 00 84 80 01 00 1F DA 
2687	-59	30	3	3	52 00 84 FF 71 00 18 16 
2686	-58	31	3	3	62 00 84 FF C1 00 29 97 
2686	-64	32	3	3	82 00 84 29 99 00 F2 8D 
2687	-61	33	3	3	E2 00 84 80 01 00 1F DA 
2686	-60	34	3	3	52 00 84 FF 71 00 18 16 
2686	-67	35	3	3	42 00 84 FF C1 00 1C 9F 
2687	-71	36	3	3	82 00 84 29 99 00 F2 8D 
2686	-63	37	3	3	E2 00 84 80 01 00 1F DA 
2686	-57	38	3	3	52 00 84 FF 71 00 18 16 
RxTime	RSSI	chan	crc err	ID	packet
2686	-64	39	3	3	92 00 84 04 01 88 AD 5C 
2674	-68	40	3	3	82 00 84 29 99 00 F2 8D 
2686	-60	41	3	3	E2 00 84 80 01 00 1F DA 
2686	-65	42	3	3	52 00 84 FF 71 00 18 16 
Got CRC error. 48 3A E8 3F F8 95 95 47    Seconds since last error: 138    Minutes running: 7.04

72567	-57	18	4	3	E2 00 84 80 01 00 1F DA 
2686	-70	19	4	3	52 00 84 FF 71 00 18 16 
2686	-59	20	4	3	62 00 84 FF C1 00 29 97 
2687	-59	21	4	3	82 00 84 29 A9 00 F7 18 
2686	-66	22	4	3	E2 00 84 80 01 00 1F DA 
2686	-64	23	4	3	52 00 84 FF 71 00 18 16 
2686	-58	24	4	3	42 00 84 FF C1 00 1C 9F 
2686	-70	25	4	3	82 00 84 29 A9 00 F7 18 
2686	-57	26	4	3	E2 00 84 80 01 00 1F DA 
2686	-63	27	4	3	52 00 84 FF 71 00 18 16 
2687	-66	28	4	3	92 00 84 03 01 98 3A FD 
2686	-65	29	4	3	82 00 84 29 A9 00 F7 18 
2686	-60	30	4	3	E2 00 84 80 01 00 1F DA 
2687	-59	31	4	3	52 00 84 FF 71 00 18 16 
2686	-65	32	4	3	A2 00 84 FE 29 00 39 8C 
2686	-65	33	4	3	82 00 84 29 A9 00 F7 18 
2687	-58	34	4	3	E2 00 84 80 01 00 1F DA 
2686	-68	35	4	3	52 00 84 FF 71 00 18 16 
RxTime	RSSI	chan	crc err	ID	packet
2686	-70	36	4	3	A2 00 84 FE 29 00 39 8C 
2675	-63	37	4	3	82 00 84 29 A9 00 F7 18 
2686	-58	38	4	3	E2 00 84 80 01 00 1F DA 
2686	-59	39	4	3	52 00 84 FF 71 00 18 16 
2686	-69	40	4	3	62 00 84 FF C1 00 29 97 
2687	-64	41	4	3	82 00 84 29 A9 00 F7 18 
2686	-68	42	4	3	E2 00 84 80 01 00 1F DA 
2686	-60	43	4	3	52 00 84 FF 71 00 18 16 
2687	-58	44	4	3	42 00 84 FF C1 00 1C 9F 
2686	-67	45	4	3	82 00 84 29 A9 00 F7 18 
2686	-59	46	4	3	E2 01 84 80 00 00 86 BA 
2687	-67	47	4	3	52 00 84 FF 71 00 18 16 
2685	-58	48	4	3	92 00 84 01 01 08 D7 24 
2685	-60	49	4	3	82 00 82 29 AB 00 B6 E3 
2685	-68	50	4	3	E2 00 82 80 03 00 5E 21 
2685	-59	0	4	3	52 00 82 FF 73 00 59 ED 
2685	-58	1	4	3	A2 00 82 FD 2B 00 21 27 
2685	-59	2	4	3	82 00 82 29 AB 00 B6 E3 
2687	-67	3	4	3	E2 00 83 80 01 00 4E F7 
2686	-60	4	4	3	52 00 83 FF 71 00 49 3B 
2686	-59	5	4	3	A2 00 83 FD 29 00 31 F1 
2687	-68	6	4	3	82 00 82 29 AB 00 B6 E3 
RxTime	RSSI	chan	crc err	ID	packet
2687	-69	7	4	3	E2 00 82 80 03 00 5E 21 
2674	-58	8	4	3	52 00 82 FF 73 00 59 ED 
2687	-67	9	4	3	62 00 82 FF C3 00 68 6C 
2686	-59	10	4	3	82 00 82 29 AB 00 B6 E3 
2686	-61	11	4	3	E2 00 82 80 03 00 5E 21 
2686	-63	12	4	3	52 00 82 FF 73 00 59 ED 
2686	-67	13	4	3	42 00 82 FF C3 00 5D 64 
2686	-59	14	4	3	82 01 82 29 AA 00 2F 83 
2686	-59	15	4	3	E2 00 82 80 02 00 6D 10 
2686	-59	16	4	3	52 00 82 FF 72 00 6A DC 
2686	-73	17	4	3	92 00 82 01 02 08 A5 EE 
2686	-60	18	4	3	82 00 82 29 AA 00 85 D2 
Got CRC error. E2 00 41 40 01 80 36 88    Seconds since last error: 210    Minutes running: 10.54

5374	-62	20	5	3	52 00 82 FF 72 00 6A DC 
2686	-63	21	5	3	A2 00 82 E0 2A 00 13 24 
2687	-67	22	5	3	82 00 82 29 AA 00 85 D2 
2686	-65	23	5	3	E2 00 82 80 02 00 6D 10 
2686	-58	24	5	3	52 00 82 FF 72 00 6A DC 
2686	-65	25	5	3	A2 00 82 E0 2A 00 13 24 
2686	-59	26	5	3	82 00 82 29 AA 00 85 D2 
2686	-61	27	5	3	E2 00 82 80 02 00 6D 10 
2686	-66	28	5	3	52 00 82 FF 72 00 6A DC 
2686	-67	29	5	3	62 00 82 FF C2 00 5B 5D 
RxTime	RSSI	chan	crc err	ID	packet
2686	-60	30	5	3	82 00 82 29 AA 00 85 D2 
2674	-58	31	5	3	E2 00 82 80 02 00 6D 10 
2687	-67	32	5	3	52 00 82 FF 72 00 6A DC 
2686	-63	33	5	3	42 00 82 FF C2 00 6E 55 
2686	-58	34	5	3	82 00 82 29 AA 00 85 D2 
2687	-67	35	5	3	E2 00 82 80 02 00 6D 10 
2686	-72	36	5	3	52 00 82 FF 72 00 6A DC 
2686	-64	37	5	3	92 00 82 01 02 18 B7 DF 
2687	-57	38	5	3	82 00 82 29 AA 00 85 D2 
2686	-59	39	5	3	E2 00 82 80 02 00 6D 10 
2686	-67	40	5	3	52 00 82 FF 72 00 6A DC 
2686	-59	41	5	3	A2 00 82 E2 2A 00 7D 44 
2686	-63	42	5	3	82 00 82 29 AA 00 85 D2 
Got CRC error. 0E E1 1F 9E 69 32 B7 E0    Seconds since last error: 61    Minutes running: 11.58

72566	-57	18	6	3	62 00 65 FF C1 00 DB C9 
2686	-71	19	6	3	82 00 65 29 A9 00 05 46 
2686	-59	20	6	3	E2 00 65 80 01 00 ED 84 
2686	-61	21	6	3	52 00 65 FF 71 00 EA 48 
2686	-66	22	6	3	42 00 65 FF C1 00 EE C1 
2687	-67	23	6	3	82 00 65 29 A9 00 05 46 
2686	-57	24	6	3	E2 00 65 80 01 00 ED 84 
2686	-71	25	6	3	52 00 65 FF 71 00 EA 48 
2687	-62	26	6	3	92 00 65 01 01 07 D4 95 
RxTime	RSSI	chan	crc err	ID	packet
2687	-66	27	6	3	82 00 65 29 A9 00 05 46 
2675	-75	28	6	3	E2 00 65 80 01 00 ED 84 
2687	-67	29	6	3	52 00 65 FF 71 00 EA 48 
2686	-62	30	6	3	A2 00 65 E7 29 00 16 20 
2686	-61	31	6	3	82 00 65 29 A9 00 05 46 
2687	-63	32	6	3	E2 00 65 80 01 00 ED 84 
2686	-66	33	6	3	52 00 65 FF 71 00 EA 48 
2686	-58	34	6	3	A2 00 65 E7 29 00 16 20 
2686	-70	35	6	3	82 00 65 29 A9 00 05 46 
2686	-77	36	6	3	E2 00 65 80 01 00 ED 84 
2686	-66	37	6	3	52 00 65 FF 71 00 EA 48 
2686	-57	38	6	3	62 00 65 FF C1 00 DB C9 
2687	-63	39	6	3	82 00 65 29 A9 00 05 46 
2686	-72	40	6	3	E2 00 65 80 01 00 ED 84 
2686	-62	41	6	3	52 00 65 FF 71 00 EA 48 
2687	-63	42	6	3	42 00 65 FF C1 00 EE C1 
Got CRC error. E4 0D 9E 0A 5A A1 9C 85    Seconds since last error: 138    Minutes running: 13.88

72566	-60	18	7	3	52 00 65 FF 71 00 EA 48 
2686	-72	19	7	3	A2 00 65 EF 29 00 BF 81 
2687	-62	20	7	3	82 00 65 29 A9 00 05 46 
2686	-63	21	7	3	E2 00 65 80 01 00 ED 84 
2686	-68	22	7	3	52 00 65 FF 71 00 EA 48 
2687	-65	23	7	3	A2 00 65 EF 29 00 BF 81 
RxTime	RSSI	chan	crc err	ID	packet
2687	-62	24	7	3	82 00 65 29 A9 00 05 46 
2674	-70	25	7	3	E2 00 65 80 01 00 ED 84 
2687	-60	26	7	3	52 00 65 FF 71 00 EA 48 
2686	-59	27	7	3	62 00 65 FF C1 00 DB C9 
2686	-71	28	7	3	82 00 65 29 A9 00 05 46 
2686	-66	29	7	3	E2 00 65 80 01 00 ED 84 
2685	-64	30	7	3	52 00 65 FF 71 00 EA 48 
2685	-59	31	7	3	42 00 65 FF C1 00 EE C1 
2685	-68	32	7	3	82 00 65 29 A9 00 05 46 
2686	-60	33	7	3	E2 00 65 80 01 00 ED 84 
2685	-61	34	7	3	52 00 65 FF 71 00 EA 48 
2685	-68	35	7	3	92 00 65 01 01 37 E2 C6 
2687	-77	36	7	3	82 00 65 29 A9 00 05 46 
2686	-68	37	7	3	E2 00 65 80 01 00 ED 84 
2686	-61	38	7	3	52 00 65 FF 71 00 EA 48 
2687	-60	39	7	3	A2 00 65 F2 29 00 BE B3 
2686	-73	40	7	3	82 00 65 29 A9 00 05 46 
2686	-60	41	7	3	E2 00 65 80 01 00 ED 84 
2687	-67	42	7	3	52 00 65 FF 71 00 EA 48 
Got CRC error. 3B EE 08 CF 07 54 C3 FF    Seconds since last error: 138    Minutes running: 16.18

72566	-62	18	8	3	E2 00 6D 80 03 00 0E 25 
2686	-72	19	8	3	52 00 6D FF 73 00 09 E9 
2686	-69	20	8	3	42 00 6D FF C3 00 0D 60 
RxTime	RSSI	chan	crc err	ID	packet
2687	-64	21	8	3	82 00 6D 29 AB 00 E6 E7 
2673	-70	22	8	3	E2 00 6D 80 03 00 0E 25 
2686	-75	23	8	3	52 00 6D FF 73 00 09 E9 
2687	-64	24	8	3	92 00 6D 01 03 57 6D C1 
2686	-76	25	8	3	82 00 6D 29 AB 00 E6 E7 
2686	-63	26	8	3	E2 00 6D 80 03 00 0E 25 
2687	-66	27	8	3	52 00 6D FF 73 00 09 E9 
2686	-73	28	8	3	A2 00 6D F5 2B 00 D8 82 
2686	-75	29	8	3	82 00 6D 29 AB 00 E6 E7 
2686	-63	30	8	3	E2 00 6D 80 03 00 0E 25 
2686	-64	31	8	3	52 00 6D FF 73 00 09 E9 
2686	-74	32	8	3	A2 00 6D F5 2B 00 D8 82 
2686	-67	33	8	3	82 00 6D 29 AB 00 E6 E7 
2687	-59	34	8	3	E2 00 6D 80 03 00 0E 25 
2686	-73	35	8	3	52 00 6D FF 73 00 09 E9 
2686	-80	36	8	3	62 00 6D FF C3 00 38 68 
2687	-72	37	8	3	82 00 6D 29 AB 00 E6 E7 
2686	-62	38	8	3	E2 00 6D 80 03 00 0E 25 
2686	-67	39	8	3	52 00 6D FF 73 00 09 E9 
2687	-78	40	8	3	42 00 6D FF C3 00 0D 60 
2686	-62	41	8	3	82 00 6D 29 AB 00 E6 E7 
2686	-71	42	8	3	E2 00 6D 80 03 00 0E 25 
RxTime	RSSI	chan	crc err	ID	packet
2686	-67	43	8	3	52 00 6D FF 73 00 09 E9 
2674	-62	44	8	3	92 00 6D 01 03 67 5B 92 
2686	-72	45	8	3	82 00 6D 29 AB 00 E6 E7 
2686	-59	46	8	3	E2 00 6D 80 03 00 0E 25 
2687	-70	47	8	3	52 00 6D FF 73 00 09 E9 
2686	-62	48	8	3	A2 00 6D F9 2B 00 AD E3 
2686	-66	49	8	3	82 00 6D 29 AB 00 E6 E7 
2687	-73	50	8	3	E2 00 6D 80 03 00 0E 25 
2686	-65	0	8	3	52 00 6D FF 73 00 09 E9 
2686	-63	1	8	3	A2 00 6D F9 2B 00 AD E3 
2687	-67	2	8	3	82 00 6D 29 AB 00 E6 E7 
2686	-69	3	8	3	E2 00 6D 80 03 00 0E 25 
2686	-65	4	8	3	52 00 6D FF 73 00 09 E9 
2686	-60	5	8	3	62 00 6D FF C3 00 38 68 
2687	-75	6	8	3	82 00 6D 29 AB 00 E6 E7 
2686	-80	7	8	3	E2 00 6D 80 03 00 0E 25 
2686	-60	8	8	3	52 00 6D FF 73 00 09 E9 
2687	-72	9	8	3	42 00 6D FF C3 00 0D 60 
2686	-64	10	8	3	82 00 6D 29 AB 00 E6 E7 
2686	-63	11	8	3	E2 00 6D 80 03 00 0E 25 
2687	-68	12	8	3	52 00 6D FF 73 00 09 E9 
2686	-75	13	8	3	92 00 6D 01 03 77 49 A3 
RxTime	RSSI	chan	crc err	ID	packet
2686	-63	14	8	3	82 00 6D 29 AB 00 E6 E7 
2675	-59	15	8	3	E2 00 6D 80 03 00 0E 25 
2687	-65	16	8	3	52 00 6D FF 73 00 09 E9 
2686	-74	17	8	3	A2 00 6D FC 2B 00 46 13 
2686	-59	18	8	3	82 00 6D 29 AB 00 E6 E7 
2687	-76	19	8	3	E2 00 6D 80 03 00 0E 25 
2686	-65	20	8	3	52 00 6D FF 73 00 09 E9 
2686	-64	21	8	3	A2 00 6D FC 2B 00 46 13 
2687	-69	22	8	3	82 00 6D 29 AB 00 E6 E7 
2686	-72	23	8	3	E2 00 6D 80 03 00 0E 25 
2686	-62	24	8	3	52 00 6D FF 73 00 09 E9 
2686	-78	25	8	3	62 00 6D FF C3 00 38 68 
2686	-59	26	8	3	82 00 6D 29 AB 00 E6 E7 
2686	-65	27	8	3	E2 00 6D 80 03 00 0E 25 
2686	-75	28	8	3	52 00 6D FF 73 00 09 E9 
2687	-74	29	8	3	42 00 6D FF C3 00 0D 60 
2686	-62	30	8	3	82 00 6D 29 BB 00 E5 94 
2686	-63	31	8	3	E2 00 6D 80 03 00 0E 25 
2687	-73	32	8	3	52 00 6D FF 73 00 09 E9 
2686	-67	33	8	3	92 00 6D 01 03 87 A6 BC 
2686	-59	34	8	3	82 00 6D 29 AB 00 E6 E7 
2686	-72	35	8	3	E2 00 6D 80 03 00 0E 25 
RxTime	RSSI	chan	crc err	ID	packet
2687	-81	36	8	3	52 00 6D FF 73 00 09 E9 
2674	-73	37	8	3	A2 00 6D F5 2B 00 D8 82 
2686	-62	38	8	3	82 00 6D 29 BB 00 E5 94 
2687	-68	39	8	3	E2 00 6D 80 03 00 0E 25 
2686	-74	40	8	3	52 00 6D FF 73 00 09 E9 
2686	-63	41	8	3	A2 00 6D F5 2B 00 D8 82 
2687	-75	42	8	3	82 00 6D 29 BB 00 E5 94 
Got CRC error. E4 9E DC 8E 7A 1A 35 C8    Seconds since last error: 272    Minutes running: 20.72

72565	-58	18	9	3	42 00 6D FF C3 00 0D 60 
2686	-73	19	9	3	82 00 6D 29 BB 00 E5 94 
2686	-62	20	9	3	E2 00 6D 80 03 00 0E 25 
2687	-59	21	9	3	52 00 6D FF 73 00 09 E9 
2686	-68	22	9	3	92 00 6D 00 03 07 00 04 
2686	-65	23	9	3	82 00 6D 29 BB 00 E5 94 
2687	-62	24	9	3	E2 00 6D 80 03 00 0E 25 
2686	-80	25	9	3	52 00 6D FF 73 00 09 E9 
2686	-61	26	9	3	A2 00 6D F0 2B 00 33 72 
2686	-65	27	9	3	82 00 6D 29 BB 00 E5 94 
2686	-73	28	9	3	E2 00 6D 80 03 00 0E 25 
2686	-71	29	9	3	52 00 6D FF 73 00 09 E9 
2686	-66	30	9	3	A2 00 6D F0 2B 00 33 72 
2687	-63	31	9	3	82 00 6D 29 BB 00 E5 94 
2686	-71	32	9	3	E2 00 6D 80 03 00 0E 25 
RxTime	RSSI	chan	crc err	ID	packet
2686	-65	33	9	3	52 00 6D FF 73 00 09 E9 
2674	-63	34	9	3	62 00 6D FF C3 00 38 68 
2686	-74	35	9	3	82 00 6D 29 BB 00 E5 94 
2686	-81	36	9	3	E2 00 6D 80 03 00 0E 25 
2686	-68	37	9	3	52 00 6D FF 73 00 09 E9 
2686	-63	38	9	3	42 00 6D FF C3 00 0D 60 
2686	-65	39	9	3	82 00 6D 29 BB 00 E5 94 
2686	-76	40	9	3	E2 00 6D 80 03 00 0E 25 
2687	-58	41	9	3	52 00 6D FF 73 00 09 E9 
2686	-70	42	9	3	92 00 6D 00 03 07 00 04 
Got CRC error. 10 7D FF 82 0D 6E AC E7    Seconds since last error: 138    Minutes running: 23.02

72566	-58	18	10	3	52 00 6D FF 73 00 09 E9 
2686	-71	19	10	3	A2 00 6D E5 2B 00 9B E1 
2687	-62	20	10	3	82 00 6D 29 BB 00 E5 94 
2686	-59	21	10	3	E2 00 6D 80 03 00 0E 25 
2686	-68	22	10	3	52 00 6D FF 73 00 09 E9 
2686	-64	23	10	3	62 00 6D FF C3 00 38 68 
2686	-58	24	10	3	82 00 6D 29 BB 00 E5 94 
2686	-78	25	10	3	E2 00 6D 80 03 00 0E 25 
2686	-60	26	10	3	52 00 6D FF 73 00 09 E9 
2687	-67	27	10	3	42 00 6D FF C3 00 0D 60 
2686	-70	28	10	3	82 00 6D 29 BB 00 E5 94 
2686	-68	29	10	3	E2 00 6D 80 03 00 0E 25 
RxTime	RSSI	chan	crc err	ID	packet
2687	-63	30	10	3	52 00 6D FF 73 00 09 E9 
2673	-63	31	10	3	92 00 6D 00 03 07 00 04 
2686	-67	32	10	3	82 00 6D 29 BB 00 E5 94 
2686	-65	33	10	3	E2 00 6D 80 03 00 0E 25 
2686	-62	34	10	3	52 00 6D FF 73 00 09 E9 
2686	-75	35	10	3	A2 00 6D EA 2B 00 B7 D0 
2686	-84	36	10	3	82 00 6D 29 BB 00 E5 94 
2687	-69	37	10	3	E2 00 6D 80 03 00 0E 25 
2686	-57	38	10	3	52 00 6D FF 73 00 09 E9 
2686	-62	39	10	3	A2 00 6D EA 2B 00 B7 D0 
2687	-73	40	10	3	82 00 6D 29 BB 00 E5 94 
2686	-59	41	10	3	E2 00 6D 80 03 00 0E 25 
2686	-68	42	10	3	52 00 6D FF 73 00 09 E9 
Got CRC error. 18 66 8C 57 DC B5 A7 6C    Seconds since last error: 138    Minutes running: 25.32

5373	-58	44	11	3	82 00 6D 29 BB 00 E5 94 
2686	-71	45	11	3	E2 00 6D 80 03 00 0E 25 
2686	-59	46	11	3	52 00 6D FF 73 00 09 E9 
2687	-68	47	11	3	42 00 6D FF C3 00 0D 60 
2686	-59	48	11	3	82 00 6D 29 CB 00 ED CD 
2686	-64	49	11	3	E2 00 6D 80 03 00 0E 25 
2687	-66	50	11	3	52 00 6D FF 73 00 09 E9 
2686	-59	0	11	3	92 00 6D 00 03 07 00 04 
2686	-58	1	11	3	82 00 6D 29 CB 00 ED CD 
RxTime	RSSI	chan	crc err	ID	packet
2686	-59	2	11	3	E2 00 6D 80 03 00 0E 25 
2674	-62	3	11	3	52 00 6D FF 73 00 09 E9 
2686	-64	4	11	3	A2 00 6D F1 2B 00 04 42 
2686	-62	5	11	3	82 00 6D 29 CB 00 ED CD 
2687	-68	6	11	3	E2 00 6D 80 03 00 0E 25 
2686	-68	7	11	3	52 00 6D FF 73 00 09 E9 
2686	-60	8	11	3	A2 00 6D F1 2B 00 04 42 
2687	-62	9	11	3	82 00 6D 29 CB 00 ED CD 
2686	-59	10	11	3	E2 00 6D 80 03 00 0E 25 
2686	-63	11	11	3	52 00 6D FF 73 00 09 E9 
Got CRC error. 63 80 BF FF 61 00 0E DA    Seconds since last error: 53    Minutes running: 26.22

5373	-64	13	12	3	82 00 6D 29 CB 00 ED CD 
2686	-59	14	12	3	E2 00 6D 80 03 00 0E 25 
2686	-60	15	12	3	52 00 6D FF 73 00 09 E9 
2687	-64	16	12	3	42 00 6D FF C3 00 0D 60 
2686	-64	17	12	3	82 00 6D 29 CB 00 ED CD 
2686	-58	18	12	3	E2 00 6D 80 03 00 0E 25 
2687	-75	19	12	3	52 00 6D FF 73 00 09 E9 
2686	-63	20	12	3	92 00 6D 00 03 07 00 04 
2686	-60	21	12	3	82 00 6D 29 CB 00 ED CD 
2686	-68	22	12	3	E2 00 6D 80 03 00 0E 25 
2686	-67	23	12	3	52 00 6D FF 73 00 09 E9 
2686	-61	24	12	3	A2 00 6D F0 2B 00 33 72 
RxTime	RSSI	chan	crc err	ID	packet
2686	-78	25	12	3	82 00 6D 29 CB 00 ED CD 
2674	-57	26	12	3	E2 00 6D 80 03 00 0E 25 
2686	-64	27	12	3	52 00 6D FF 73 00 09 E9 
2686	-74	28	12	3	A2 00 6D F0 2B 00 33 72 
2687	-68	29	12	3	82 00 6D 29 CB 00 ED CD 
2686	-59	30	12	3	E2 00 6D 80 03 00 0E 25 
2686	-62	31	12	3	52 00 6D FF 73 00 09 E9 
2686	-67	32	12	3	62 00 6D FF C3 00 38 68 
2686	-64	33	12	3	82 00 6D 29 CB 00 ED CD 
2686	-59	34	12	3	E2 00 6D 80 03 00 0E 25 
2686	-71	35	12	3	52 00 6D FF 73 00 09 E9 
2687	-81	36	12	3	42 00 6D FF C3 00 0D 60 
2686	-68	37	12	3	82 00 6D 29 CB 00 ED CD 
2686	-59	38	12	3	E2 00 6D 80 03 00 0E 25 
2687	-64	39	12	3	52 00 6D FF 73 00 09 E9 
2686	-80	40	12	3	92 00 6D 00 03 07 00 04 
2686	-60	41	12	3	82 00 6D 29 CB 00 ED CD 
2686	-67	42	12	3	E2 00 6D 80 03 00 0E 25 
2686	-65	43	12	3	52 00 6D FF 73 00 09 E9 
2686	-62	44	12	3	A2 00 6D F3 2B 00 6A 22 
2686	-70	45	12	3	82 00 6D 29 CB 00 ED CD 
2687	-58	46	12	3	E2 00 6D 80 03 00 0E 25 
RxTime	RSSI	chan	crc err	ID	packet
2687	-68	47	12	3	52 00 6D FF 73 00 09 E9 
2674	-63	48	12	3	A2 00 6D F3 2B 00 6A 22 
2687	-64	49	12	3	82 00 6D 29 CB 00 ED CD 
2685	-77	50	12	3	E2 00 6D 80 03 00 0E 25 
2685	-65	0	12	3	52 00 6D FF 73 00 09 E9 
2685	-59	1	12	3	62 00 6D FF C3 00 38 68 
2685	-63	2	12	3	82 00 6D 29 CB 00 ED CD 
2685	-68	3	12	3	E2 00 6D 80 03 00 0E 25 
2685	-62	4	12	3	52 01 6D FF 71 00 C5 DA 
2687	-59	5	12	3	42 00 6F FF C3 00 E0 08 
2686	-80	6	12	3	82 00 6F 29 CB 00 00 A5 
2686	-78	7	12	3	E2 00 6F 80 03 00 E3 4D 
2687	-63	8	12	3	52 00 6F FF 73 00 E4 81 
2686	-74	9	12	3	92 00 6F 01 03 07 DA 5C 
2686	-63	10	12	3	82 00 6F 29 CB 00 00 A5 
2686	-64	11	12	3	E2 00 6F 80 03 00 E3 4D 
2686	-68	12	12	3	52 00 70 FF 71 00 4D AA 
2686	-71	13	12	3	A2 00 72 E7 29 00 5C AA 
2686	-63	14	12	3	82 00 75 29 CA 00 40 98 
2687	-61	15	12	3	E2 00 75 80 02 00 A3 70 
2686	-67	16	12	3	52 00 75 FF 72 00 A4 BC 
2686	-73	17	12	3	A2 00 75 E7 2A 00 58 D4 
RxTime	RSSI	chan	crc err	ID	packet
2687	-63	18	12	3	82 00 75 29 CA 00 40 98 
2672	-83	19	12	3	E2 00 75 80 02 00 A3 70 
2686	-64	20	12	3	52 00 75 FF 73 00 97 8D 
2686	-62	21	12	3	62 00 76 FF C1 00 5B B2 
2686	-71	22	12	3	82 00 75 29 CB 00 73 A9 
2686	-69	23	12	3	E2 00 75 80 03 00 90 41 
2686	-63	24	12	3	52 00 75 FF 73 00 97 8D 
2687	-76	25	12	3	42 00 75 FF C3 00 93 04 
2686	-61	26	12	3	82 00 75 29 CB 00 73 A9 
2686	-65	27	12	3	E2 00 75 80 03 00 90 41 
2687	-74	28	12	3	52 00 75 FF 73 00 97 8D 
2686	-69	29	12	3	92 00 75 01 03 17 BB 61 
2686	-62	30	12	3	82 00 75 29 CB 00 73 A9 
2686	-64	31	12	3	E2 00 75 80 03 00 90 41 
2686	-68	32	12	3	52 00 75 FF 73 00 97 8D 
2686	-67	33	12	3	A2 00 75 E1 2B 00 D9 45 
2686	-62	34	12	3	82 00 75 29 CB 00 73 A9 
2687	-74	35	12	3	E2 00 75 80 03 00 90 41 
2686	-84	36	12	3	52 00 75 FF 73 00 97 8D 
2686	-71	37	12	3	A2 00 75 E1 2B 00 D9 45 
2687	-60	38	12	3	82 00 75 29 DB 00 70 DA 
2686	-65	39	12	3	E2 00 75 80 03 00 90 41 
RxTime	RSSI	chan	crc err	ID	packet
2686	-78	40	12	3	52 00 75 FF 73 00 97 8D 
2673	-59	41	12	3	62 00 75 FF C3 00 A6 0C 
2686	-66	42	12	3	82 00 75 29 CB 00 73 A9 
Got CRC error. 48 52 34 83 69 6B 5D 3B    Seconds since last error: 218    Minutes running: 29.85

72566	-59	18	13	3	92 00 75 01 03 37 9F 03 
2686	-74	19	13	3	82 00 75 29 DB 00 70 DA 
2686	-64	20	13	3	E2 00 75 80 03 00 90 41 
2686	-62	21	13	3	52 00 75 FF 73 00 97 8D 
2686	-67	22	13	3	A2 00 75 ED 2B 00 AC 24 
2686	-67	23	13	3	82 00 75 29 EB 00 75 4F 
2687	-62	24	13	3	E2 00 75 80 03 00 90 41 
2686	-75	25	13	3	52 00 75 FF 73 00 97 8D 
2686	-59	26	13	3	A2 00 75 ED 2B 00 AC 24 
2687	-65	27	13	3	82 00 75 29 EB 00 75 4F 
2686	-79	28	13	3	E2 00 75 80 03 00 90 41 
2686	-68	29	13	3	52 00 75 FF 73 00 97 8D 
2686	-62	30	13	3	62 00 75 FF C3 00 A6 0C 
2686	-63	31	13	3	82 00 75 29 DB 00 70 DA 
2686	-72	32	13	3	E2 00 75 80 03 00 90 41 
2686	-72	33	13	3	52 00 75 FF 73 00 97 8D 
2687	-63	34	13	3	42 00 75 FF C3 00 93 04 
2686	-65	35	13	3	82 00 75 29 EB 00 75 4F 
2686	-67	36	13	3	E2 00 75 80 01 00 F6 23 
RxTime	RSSI	chan	crc err	ID	packet
2687	-63	37	13	3	52 00 74 FF 71 00 87 5B 
2673	-65	38	13	3	92 00 73 01 03 47 C6 0D 
2686	-59	39	13	3	82 00 73 29 EB 00 52 D6 
2686	-65	40	13	3	E2 00 73 80 03 00 B7 D8 
2686	-58	41	13	3	52 00 73 FF 73 00 B0 14 
2686	-61	42	13	3	A2 00 73 F1 2B 00 BD BF 
Got CRC error. EA E7 AF BD 0F 9E 26 F4    Seconds since last error: 138    Minutes running: 32.16

72566	-56	18	14	3	52 00 73 FF 73 00 B0 14 
2686	-65	19	14	3	62 00 73 FF C3 00 81 95 
2686	-58	20	14	3	82 00 73 29 EB 00 52 D6 
2686	-58	21	14	3	E2 00 73 80 03 00 B7 D8 
2686	-59	22	14	3	52 00 73 FF 73 00 B0 14 
2687	-59	23	14	3	42 00 73 FF C3 00 B4 9D 
2686	-58	24	14	3	82 00 73 29 FB 00 51 A5 
2686	-64	25	14	3	E2 00 73 80 03 00 B7 D8 
2687	-58	26	14	3	52 00 73 FF 73 00 B0 14 
2686	-57	27	14	3	92 00 73 01 03 67 E2 6F 
2686	-65	28	14	3	82 00 73 29 FB 00 51 A5 
2686	-60	29	14	3	E2 00 73 80 03 00 B7 D8 
2686	-58	30	14	3	52 00 73 FF 73 00 B0 14 
2686	-58	31	14	3	A2 00 73 EE 2B 00 D2 ED 
2686	-65	32	14	3	82 00 73 29 FB 00 51 A5 
2687	-57	33	14	3	E2 00 73 80 03 00 B7 D8 
RxTime	RSSI	chan	crc err	ID	packet
2687	-57	34	14	3	52 00 73 FF 73 00 B0 14 
2673	-63	35	14	3	A2 00 73 EE 2B 00 D2 ED 
2687	-68	36	14	3	82 00 73 29 FB 00 51 A5 
2685	-60	37	14	3	E2 00 73 80 03 00 B7 D8 
2685	-57	38	14	3	52 00 73 FF 73 00 B0 14 
2685	-56	39	14	3	62 00 73 FF C3 00 81 95 
2685	-65	40	14	3	82 00 73 29 FB 00 51 A5 
2685	-56	41	14	3	E2 00 73 80 03 00 B7 D8 
2685	-59	42	14	3	52 00 73 FF 73 00 B0 14 
Got CRC error. D0 CA 8F BF 8D 8C 37 C3    Seconds since last error: 138    Minutes running: 34.46

5374	-57	44	15	3	82 00 73 29 FB 00 51 A5 
2686	-57	45	15	3	E2 00 73 80 03 00 B7 D8 
2687	-54	46	15	3	52 00 73 FF 73 00 B0 14 
2686	-61	47	15	3	92 00 73 01 03 77 F0 5E 
2686	-55	48	15	3	82 00 73 29 EB 00 52 D6 
2686	-56	49	15	3	E2 00 73 80 03 00 B7 D8 
2687	-60	50	15	3	52 00 73 FF 73 00 B0 14 
2686	-57	0	15	3	A2 00 73 DE 2B 00 17 48 
2686	-55	1	15	3	82 00 73 29 EB 00 52 D6 
2687	-55	2	15	3	E2 00 73 80 03 00 B7 D8 
2686	-59	3	15	3	52 00 73 FF 73 00 B0 14 
2686	-57	4	15	3	A2 00 73 DE 2B 00 17 48 
2686	-56	5	15	3	82 01 73 29 FA 00 C8 C5 
Got CRC error. E2 80 39 E0 00 80 30 FD    Seconds since last error: 37    Minutes running: 35.09

RxTime	RSSI	chan	crc err	ID	packet
5374	-59	7	16	3	52 00 73 FF 72 00 83 25 
2674	-57	8	16	3	62 00 73 FF C2 00 B2 A4 
2687	-57	9	16	3	82 00 73 29 FA 00 62 94 
2686	-55	10	16	3	E2 00 73 80 02 00 84 E9 
2686	-56	11	16	3	52 00 73 FF 72 00 83 25 
2687	-59	12	16	3	42 00 73 FF C2 00 87 AC 
2686	-59	13	16	3	82 00 73 29 FA 00 62 94 
2686	-55	14	16	3	E2 00 73 80 02 00 84 E9 
2686	-56	15	16	3	52 00 73 FF 72 00 83 25 
2687	-57	16	16	3	92 00 73 01 02 07 BD F8 
2686	-59	17	16	3	82 00 73 29 FA 00 62 94 
2686	-56	18	16	3	E2 00 73 80 02 00 84 E9 
2687	-65	19	16	3	52 00 73 FF 72 00 83 25 
2686	-56	20	16	3	A2 00 73 E0 2A 00 FA DD 
2686	-56	21	16	3	82 00 73 29 FA 00 62 94 
2686	-59	22	16	3	E2 00 73 80 02 00 84 E9 
2686	-59	23	16	3	52 00 73 FF 72 00 83 25 
2686	-56	24	16	3	A2 00 73 E0 2A 00 FA DD 
2686	-59	25	16	3	82 00 73 29 FA 00 62 94 
2687	-55	26	16	3	E2 00 73 80 02 00 84 E9 
2686	-56	27	16	3	52 00 73 FF 72 00 83 25 
2686	-58	28	16	3	62 00 73 FF C2 00 B2 A4 
RxTime	RSSI	chan	crc err	ID	packet
2687	-57	29	16	3	82 00 73 29 FA 00 62 94 
2672	-55	30	16	3	E2 00 73 80 02 00 84 E9 
2686	-57	31	16	3	52 00 73 FF 72 00 83 25 
2686	-61	32	16	3	42 00 73 FF C2 00 87 AC 
2686	-54	33	16	3	82 00 73 29 FA 00 62 94 
2686	-54	34	16	3	E2 00 73 80 02 00 84 E9 
2686	-59	35	16	3	52 00 73 FF 72 00 83 25 
2687	-64	36	16	3	92 00 73 01 02 17 AF C9 
2686	-57	37	16	3	82 00 73 29 FA 00 62 94 
2686	-54	38	16	3	E2 00 73 80 02 00 84 E9 
2687	-55	39	16	3	52 00 73 FF 72 00 83 25 
2686	-60	40	16	3	A2 00 73 E6 2A 00 48 7D 
2686	-54	41	16	3	82 00 73 29 FA 00 62 94 
2686	-58	42	16	3	E2 00 73 80 02 00 84 E9 
Got CRC error. B3 08 71 8C 44 F2 42 E1    Seconds since last error: 97    Minutes running: 36.71

72567	-55	18	17	3	82 00 73 2A 0A 00 28 05 
2686	-65	19	17	3	E2 00 73 80 02 00 84 E9 
2686	-56	20	17	3	52 00 73 FF 72 00 83 25 
2686	-58	21	17	3	42 00 73 FF C2 00 87 AC 
2686	-59	22	17	3	82 00 73 2A 0A 00 28 05 
2686	-59	23	17	3	E2 00 73 80 02 00 84 E9 
2686	-55	24	17	3	52 00 73 FF 72 00 83 25 
2687	-69	25	17	3	92 00 73 01 02 37 8B AB 
RxTime	RSSI	chan	crc err	ID	packet
2687	-55	26	17	3	82 00 73 2A 0A 00 28 05 
2673	-56	27	17	3	E2 00 73 80 02 00 84 E9 
2687	-59	28	17	3	52 00 73 FF 72 00 83 25 
2686	-62	29	17	3	A2 00 73 EF 2A 00 D6 EC 
2686	-56	30	17	3	82 00 73 2A 0A 00 28 05 
2686	-56	31	17	3	E2 00 73 80 02 00 84 E9 
2686	-62	32	17	3	52 00 73 FF 73 00 B0 14 
2686	-57	33	17	3	A2 00 73 EF 2B 00 E5 DD 
2686	-56	34	17	3	82 00 73 2A 0B 00 1B 34 
2687	-59	35	17	3	E2 00 73 80 03 00 B7 D8 
2686	-69	36	17	3	52 01 76 FF 71 00 C0 62 
2686	-59	37	17	3	62 03 68 FF C3 00 6A FF 
2686	-57	38	17	3	82 03 68 2A 0B 00 F0 5E 
2686	-56	39	17	3	E2 02 77 80 03 00 39 AA 
2686	-60	40	17	3	52 03 78 FF 72 00 73 E8 
2686	-56	41	17	3	42 03 7A FF C2 00 9A 09 
2686	-62	42	17	3	82 03 72 2A 0B 00 83 52 
Got CRC error. AC 30 7B 19 ED 5F 36 26    Seconds since last error: 137    Minutes running: 39.00

72566	-55	18	18	3	A2 00 81 CC 29 00 2E 0C 
2686	-66	19	18	3	82 00 81 2A 19 00 0C 00 
2687	-56	20	18	3	E2 00 81 80 01 00 A3 9F 
2685	-58	21	18	3	52 00 81 FF 71 00 A4 53 
2685	-58	22	18	3	A2 00 81 CC 29 00 2E 0C 
RxTime	RSSI	chan	crc err	ID	packet
2685	-58	23	18	3	82 00 81 2A 19 00 0C 00 
2672	-54	24	18	3	E2 00 81 80 01 00 A3 9F 
2685	-67	25	18	3	52 00 81 FF 71 00 A4 53 
2685	-55	26	18	3	62 00 81 FF C1 00 95 D2 
2687	-56	27	18	3	82 00 81 2A 19 00 0C 00 
2686	-59	28	18	3	E2 00 81 80 01 00 A3 9F 
2686	-63	29	18	3	52 00 81 FF 71 00 A4 53 
2687	-56	30	18	3	42 00 81 FF C1 00 A0 DA 
2686	-55	31	18	3	82 00 81 2A 19 00 0C 00 
2686	-58	32	18	3	E2 00 81 80 01 00 A3 9F 
2686	-59	33	18	3	52 00 81 FF 71 00 A4 53 
2686	-55	34	18	3	92 00 81 03 01 27 D0 8C 
2686	-59	35	18	3	82 00 81 2A 19 00 0C 00 
2686	-65	36	18	3	E2 00 81 80 01 00 A3 9F 
2686	-59	37	18	3	52 00 81 FF 71 00 A4 53 
2686	-58	38	18	3	A2 00 81 D6 29 00 AA AE 
2686	-55	39	18	3	82 00 81 2A 19 00 0C 00 
2687	-59	40	18	3	E2 00 81 80 01 00 A3 9F 
2686	-59	41	18	3	52 00 81 FF 71 00 A4 53 
2686	-61	42	18	3	A2 00 81 D6 29 00 AA AE 
Got CRC error. 1E 90 F8 BD 02 8D BF D2    Seconds since last error: 138    Minutes running: 41.30

72567	-58	18	19	3	52 00 81 FF 71 00 A4 53 
2686	-66	19	19	3	42 00 81 FF C1 00 A0 DA 
RxTime	RSSI	chan	crc err	ID	packet
2686	-53	20	19	3	82 00 81 2A 29 00 09 95 
2674	-55	21	19	3	E2 00 81 80 01 00 A3 9F 
2686	-62	22	19	3	52 00 81 FF 71 00 A4 53 
2686	-62	23	19	3	92 00 81 03 01 47 BC 2A 
2686	-56	24	19	3	82 00 81 2A 29 00 09 95 
2687	-67	25	19	3	E2 00 81 80 01 00 A3 9F 
2686	-58	26	19	3	52 00 81 FF 71 00 A4 53 
2686	-57	27	19	3	A2 00 81 DE 29 00 03 0F 
2687	-59	28	19	3	82 00 81 2A 29 00 09 95 
2686	-62	29	19	3	E2 00 81 80 01 00 A3 9F 
2686	-59	30	19	3	52 00 81 FF 71 00 A4 53 
2686	-56	31	19	3	A2 00 81 DE 29 00 03 0F 
2686	-57	32	19	3	82 00 81 2A 29 00 09 95 
2686	-56	33	19	3	E2 00 81 80 01 00 A3 9F 
2686	-59	34	19	3	52 00 81 FF 71 00 A4 53 
2686	-59	35	19	3	62 00 81 FF C1 00 95 D2 
2686	-65	36	19	3	82 00 81 2A 29 00 09 95 
2686	-60	37	19	3	E2 00 81 80 01 00 A3 9F 
2687	-60	38	19	3	52 00 81 FF 71 00 A4 53 
2686	-57	39	19	3	42 01 81 FF C1 00 0A 8B 
2686	-58	40	19	3	82 00 81 2A 29 00 09 95 
2687	-55	41	19	3	E2 00 81 80 01 00 A3 9F 
RxTime	RSSI	chan	crc err	ID	packet
2687	-62	42	19	3	52 00 7F FF 73 00 FF 26 
2673	-58	43	19	3	92 01 7C 03 01 57 A2 81 
2687	-56	44	19	3	82 02 7B 2A 2B 00 DC 92 
2686	-60	45	19	3	E2 02 85 80 03 00 4B 8F 
2686	-58	46	19	3	52 01 7E FF 71 00 45 A1 
2686	-64	47	19	3	A2 04 78 DA 2A 00 6F A0 
2686	-58	48	19	3	82 04 73 2A 29 00 F2 B6 
2686	-57	49	19	3	E2 03 71 80 03 00 B4 62 
2686	-68	50	19	3	52 02 76 FF 72 00 7B E3 
2687	-58	0	19	3	A2 02 81 DA 29 00 9B 4C 
2686	-59	1	19	3	82 01 77 2A 2B 00 7D 72 
2686	-57	2	19	3	E2 01 81 80 01 00 09 CE 
2687	-62	3	19	3	52 02 7E FF 73 00 CD 11 
2686	-59	4	19	3	62 04 68 FF C1 00 6B 49 
2686	-57	5	19	3	82 03 71 2A 29 00 78 0A 
2687	-64	6	19	3	E2 02 83 80 01 00 0A 74 
2686	-61	7	19	3	52 02 7D FF 71 00 30 AF 
2686	-58	8	19	3	42 02 7D FF C0 00 07 17 
2687	-59	9	19	3	82 00 7D 2A 28 00 EA DB 
2686	-55	10	19	3	E2 00 7D 80 00 00 40 D1 
2686	-58	11	19	3	52 00 7D FF 70 00 47 1D 
2686	-58	12	19	3	92 00 7D 04 00 07 92 30 
RxTime	RSSI	chan	crc err	ID	packet
2687	-60	13	19	3	82 00 7D 2A 28 00 EA DB 
2673	-54	14	19	3	E2 00 7D 80 00 00 40 D1 
2686	-55	15	19	3	52 00 7D FF 70 00 47 1D 
2687	-59	16	19	3	A2 00 7D C3 28 00 E1 73 
2686	-59	17	19	3	82 00 7D 2A 28 00 EA DB 
2686	-55	18	19	3	E2 00 7D 80 00 00 40 D1 
2687	-65	19	19	3	52 00 7D FF 70 00 47 1D 
2686	-56	20	19	3	A2 00 7D C3 28 00 E1 73 
2686	-56	21	19	3	82 00 7D 2A 28 00 EA DB 
2686	-59	22	19	3	E2 00 8E 80 03 00 11 13 
2686	-59	23	19	3	52 00 8F FF 71 00 06 09 
2686	-59	24	19	3	62 00 8E FF C3 00 27 5E 
2686	-68	25	19	3	82 00 8F 2A 29 00 AB CF 
2686	-55	26	19	3	E2 00 8F 80 01 00 01 C5 
2686	-56	27	19	3	52 00 8F FF 71 00 06 09 
2686	-57	28	19	3	42 00 8F FF C3 00 64 E2 
2687	-59	29	19	3	82 00 90 2A 29 00 64 86 
2686	-56	30	19	3	E2 00 90 80 01 00 CE 8C 
2686	-57	31	19	3	52 00 90 FF 71 00 C9 40 
2687	-62	32	19	3	92 00 90 04 01 17 0E 5C 
2686	-57	33	19	3	82 00 90 2A 29 00 64 86 
2686	-56	34	19	3	E2 00 90 80 01 00 CE 8C 
RxTime	RSSI	chan	crc err	ID	packet
2686	-60	35	19	3	52 00 90 FF 71 00 C9 40 
2673	-67	36	19	3	A2 00 90 CB 29 00 C6 8F 
2686	-58	37	19	3	82 00 90 2A 29 00 64 86 
2686	-59	38	19	3	E2 00 90 80 01 00 CE 8C 
2686	-59	39	19	3	52 00 90 FF 71 00 C9 40 
2686	-64	40	19	3	A2 00 90 CB 29 00 C6 8F 
2686	-58	41	19	3	82 00 90 2A 29 00 64 86 
2687	-60	42	19	3	E2 00 90 80 01 00 CE 8C 
Got CRC error. 8E BC 69 DC CB 8D 79 D9    Seconds since last error: 275    Minutes running: 45.89

5374	-57	44	20	3	62 00 90 FF C1 00 F8 C1 
2687	-61	45	20	3	82 00 90 2A 29 00 64 86 
2686	-56	46	20	3	E2 00 90 80 01 00 CE 8C 
2686	-59	47	20	3	52 00 90 FF 71 00 C9 40 
2686	-57	48	20	3	42 00 90 FF C1 00 CD C9 
2686	-57	49	20	3	82 00 90 2A 29 00 64 86 
2686	-62	50	20	3	E2 00 90 80 01 00 CE 8C 
2686	-59	0	20	3	52 00 90 FF 71 00 C9 40 
2686	-58	1	20	3	92 00 90 04 01 27 38 0F 
2686	-57	2	20	3	82 00 90 2A 29 00 64 86 
2686	-64	3	20	3	E2 00 90 80 01 00 CE 8C 
2687	-60	4	20	3	52 00 90 FF 71 00 C9 40 
2685	-58	5	20	3	A2 00 90 D3 29 00 2C 4D 
2685	-72	6	20	3	82 01 8F 2A 29 00 01 9E 
RxTime	RSSI	chan	crc err	ID	packet
2686	-64	7	20	3	E2 00 8C 80 03 00 FC 7B 
2673	-59	8	20	3	52 00 88 FF 71 00 57 24 
2685	-63	9	20	3	A2 01 7E D3 2B 00 C6 CE 
2687	-56	10	20	3	82 01 7B 2A 29 00 54 22 
2686	-58	11	20	3	E2 00 76 80 01 00 6D FF 
2686	-59	12	20	3	52 01 7F FF 73 00 55 77 
2686	-62	13	20	3	62 03 79 FF C3 00 07 EC 
2686	-56	14	20	3	82 03 79 2A 3B 00 98 D8 
2686	-57	15	20	3	E2 03 6A 80 02 00 82 EB 
2686	-58	16	20	3	52 03 85 FF 71 00 80 70 
2687	-63	17	20	3	42 03 83 FF C3 00 C5 02 
2686	-58	18	20	3	82 04 7D 2A 28 00 63 DD 
2686	-67	19	20	3	E2 04 84 80 00 00 A5 ED 
2687	-57	20	20	3	52 03 84 FF 73 00 90 A6 
2686	-59	21	20	3	92 02 84 04 03 08 1E 35 
2686	-60	22	20	3	82 01 81 2A 39 00 A0 B7 
2686	-60	23	20	3	E2 02 7E 80 03 00 CA DD 
2686	-57	24	20	3	52 01 7E FF 73 00 23 C3 
2686	-66	25	20	3	A2 00 7E CB 29 00 E0 3F 
2686	-57	26	20	3	82 00 7D 2A 3B 00 BC FB 
2687	-58	27	20	3	E2 00 7D 80 03 00 15 82 
2686	-64	28	20	3	52 00 7D FF 73 00 12 4E 
RxTime	RSSI	chan	crc err	ID	packet
2686	-63	29	20	3	A2 00 7D CB 2B 00 1D 81 
2673	-58	30	20	3	82 00 7D 2A 3B 00 BC FB 
2686	-58	31	20	3	E2 00 7D 80 03 00 15 82 
2686	-63	32	20	3	52 00 7D FF 73 00 12 4E 
2686	-57	33	20	3	62 00 7D FF C3 00 23 CF 
2686	-58	34	20	3	82 00 7D 2A 3B 00 BC FB 
2686	-64	35	20	3	E2 00 7D 80 03 00 15 82 
2686	-71	36	20	3	52 00 7D FF 73 00 12 4E 
2686	-63	37	20	3	42 00 7D FF C3 00 16 C7 
2686	-58	38	20	3	82 00 7D 2A 3B 00 BC FB 
2686	-58	39	20	3	E2 00 7D 80 03 00 15 82 
2687	-65	40	20	3	52 00 7D FF 73 00 12 4E 
2686	-59	41	20	3	92 00 7D 04 03 18 24 BD 
2686	-62	42	20	3	82 00 7D 2A 3B 00 BC FB 
Got CRC error. E0 39 BD BB 6F 99 C6 98    Seconds since last error: 136    Minutes running: 48.17

5374	-60	44	21	3	52 00 7D FF 73 00 12 4E 
2686	-66	45	21	3	A2 00 7D CF 2B 00 C1 41 
2686	-56	46	21	3	82 00 7D 2A 3B 00 BC FB 
2686	-65	47	21	3	E2 01 7D 80 02 00 8C E2 
2686	-60	48	21	3	52 00 7D FF 73 00 12 4E 
2686	-59	49	21	3	A2 01 7F CF 29 00 E0 1A 
2686	-69	50	21	3	82 03 85 2A 39 00 2E C5 
2686	-58	0	21	3	E2 04 7E 80 01 00 61 3A 
RxTime	RSSI	chan	crc err	ID	packet
2686	-57	1	21	3	52 03 70 FF 73 00 C5 1A 
2675	-59	2	21	3	62 03 62 FF C1 00 64 36 
2686	-67	3	21	3	82 02 76 2A 3B 00 E6 67 
2686	-59	4	21	3	E2 03 81 80 03 00 2B 2F 
2687	-59	5	21	3	52 03 75 FF 72 00 4A 6E 
2686	-65	6	21	3	42 02 75 FF C2 00 E4 B6 
2686	-64	7	21	3	82 00 75 2A 3B 00 39 38 
2686	-59	8	21	3	E2 00 75 80 03 00 90 41 
2686	-63	9	21	3	52 00 75 FF 73 00 97 8D 
2686	-59	10	21	3	92 00 75 04 03 08 B3 4F 
2686	-58	11	21	3	82 00 75 2A 3B 00 39 38 
2687	-60	12	21	3	E2 00 75 80 03 00 90 41 
2686	-65	13	21	3	52 00 75 FF 73 00 97 8D 
2686	-58	14	21	3	A2 00 75 CD 2B 00 2A E2 
2687	-57	15	21	3	82 00 75 2A 3B 00 39 38 
2686	-59	16	21	3	E2 00 75 80 03 00 90 41 
2686	-65	17	21	3	52 00 75 FF 73 00 97 8D 
2686	-58	18	21	3	A2 00 75 CD 2B 00 2A E2 
2686	-69	19	21	3	82 00 75 2A 3B 00 39 38 
2686	-59	20	21	3	E2 00 75 80 03 00 90 41 
2686	-58	21	21	3	52 00 75 FF 73 00 97 8D 
2686	-59	22	21	3	62 00 75 FF C3 00 A6 0C 
RxTime	RSSI	chan	crc err	ID	packet
2686	-63	23	21	3	82 00 75 2A 4B 00 31 61 
2674	-60	24	21	3	E2 00 75 80 03 00 90 41 
2687	-68	25	21	3	52 00 75 FF 73 00 97 8D 
2686	-58	26	21	3	42 00 75 FF C3 00 93 04 
2686	-57	27	21	3	82 00 75 2A 3B 00 39 38 
2686	-65	28	21	3	E2 00 75 80 03 00 90 41 
2686	-64	29	21	3	52 00 75 FF 73 00 97 8D 
2686	-59	30	21	3	92 00 75 04 03 18 A1 7E 
2686	-58	31	21	3	82 00 75 2A 4B 00 31 61 
2686	-64	32	21	3	E2 00 75 80 03 00 90 41 
2686	-57	33	21	3	52 00 75 FF 73 00 97 8D 
2686	-57	34	21	3	A2 00 75 D2 2B 00 45 B0 
2687	-63	35	21	3	82 00 75 2A 4B 00 31 61 
2686	-70	36	21	3	E2 00 75 80 03 00 90 41 
2686	-60	37	21	3	52 00 75 FF 73 00 97 8D 
2687	-59	38	21	3	A2 00 75 D2 2B 00 45 B0 
2686	-58	39	21	3	82 00 75 2A 4B 00 31 61 
2686	-65	40	21	3	E2 00 75 80 03 00 90 41 
2686	-57	41	21	3	52 00 75 FF 73 00 97 8D 
2686	-59	42	21	3	62 00 75 FF C3 00 A6 0C 
2686	-58	43	21	3	82 00 75 2A 4B 00 31 61 
2686	-58	44	21	3	E2 00 75 80 03 00 90 41 
RxTime	RSSI	chan	crc err	ID	packet
2687	-62	45	21	3	52 00 75 FF 73 00 97 8D 
2673	-57	46	21	3	42 00 75 FF C3 00 93 04 
2686	-61	47	21	3	82 00 75 2A 4B 00 31 61 
2687	-57	48	21	3	E2 00 75 80 03 00 90 41 
2686	-56	49	21	3	52 00 75 FF 73 00 97 8D 
2686	-63	50	21	3	92 00 75 04 03 28 97 2D 
2686	-58	0	21	3	82 00 75 2A 4B 00 31 61 
2686	-60	1	21	3	E2 00 75 80 03 00 90 41 
2686	-57	2	21	3	52 00 75 FF 73 00 97 8D 
2686	-61	3	21	3	A2 00 75 D4 2B 00 F7 10 
2686	-57	4	21	3	82 00 75 2A 4B 00 31 61 
2686	-58	5	21	3	E2 00 75 80 03 00 90 41 
2686	-64	6	21	3	52 00 75 FF 73 00 97 8D 
2687	-64	7	21	3	A2 00 75 D4 2B 00 F7 10 
2686	-58	8	21	3	82 00 75 2A 4B 00 31 61 
2686	-64	9	21	3	E2 00 75 80 03 00 90 41 
2687	-57	10	21	3	52 00 75 FF 73 00 97 8D 
2686	-59	11	21	3	62 00 75 FF C3 00 A6 0C 
2686	-59	12	21	3	82 00 75 2A 4B 00 31 61 
2686	-63	13	21	3	E2 00 75 80 03 00 90 41 
2686	-58	14	21	3	52 00 75 FF 73 00 97 8D 
2686	-58	15	21	3	42 00 75 FF C3 00 93 04 
RxTime	RSSI	chan	crc err	ID	packet
2686	-58	16	21	3	82 00 75 2A 4B 00 31 61 
2674	-65	17	21	3	E2 00 75 80 03 00 90 41 
2686	-58	18	21	3	52 00 75 FF 73 00 97 8D 
2686	-66	19	21	3	92 00 75 04 03 38 85 1C 
2687	-57	20	21	3	82 00 75 2A 4B 00 31 61 
2686	-61	21	21	3	E2 00 75 80 03 00 90 41 
2686	-59	22	21	3	52 00 75 FF 73 00 97 8D 
2686	-59	23	21	3	A2 00 75 DE 2B 00 30 D1 
2686	-59	24	21	3	82 00 6D 2A 5B 00 AC 76 
2686	-67	25	21	3	E2 00 6C 80 03 00 78 91 
2686	-61	26	21	3	52 00 6C FF 73 00 7F 5D 
2687	-57	27	21	3	A2 00 6C DE 2B 00 D8 01 
2686	-62	28	21	3	82 00 6C 2A 5B 00 DA C2 
2686	-59	29	21	3	E2 00 6C 80 03 00 78 91 
2687	-62	30	21	3	52 00 6C FF 73 00 7F 5D 
2686	-58	31	21	3	62 00 6C FF C3 00 4E DC 
2686	-60	32	21	3	82 00 6C 2A 5B 00 DA C2 
2686	-57	33	21	3	E2 00 6C 80 03 00 78 91 
2686	-59	34	21	3	52 00 6C FF 73 00 7F 5D 
2686	-60	35	21	3	42 00 6C FF C3 00 7B D4 
2686	-68	36	21	3	82 00 6C 2A 5B 00 DA C2 
2687	-59	37	21	3	E2 00 6C 80 03 00 78 91 
RxTime	RSSI	chan	crc err	ID	packet
2687	-60	38	21	3	52 00 6C FF 73 00 7F 5D 
2673	-60	39	21	3	92 00 6C 04 03 48 13 5B 
2687	-63	40	21	3	82 00 6C 2A 5B 00 DA C2 
2685	-56	41	21	3	E2 00 6C 80 03 00 78 91 
2685	-62	42	21	3	52 00 6C FF 73 00 7F 5D 
Got CRC error. F8 8A 48 FB 59 C2 63 DD    Seconds since last error: 272    Minutes running: 52.71

72565	-56	18	22	3	E2 00 6C 80 03 00 78 91 
2686	-70	19	22	3	52 00 6C FF 73 00 7F 5D 
2686	-58	20	22	3	62 00 6C FF C3 00 4E DC 
2686	-63	21	22	3	82 00 6C 2A 6B 00 DF 57 
2686	-59	22	22	3	E2 00 6C 80 03 00 78 91 
2686	-64	23	22	3	52 00 6C FF 73 00 7F 5D 
2686	-58	24	22	3	42 00 6C FF C3 00 7B D4 
2686	-64	25	22	3	82 00 6C 2A 7B 00 DC 24 
2687	-57	26	22	3	E2 00 6C 80 03 00 78 91 
2686	-61	27	22	3	52 00 6C FF 73 00 7F 5D 
2686	-63	28	22	3	92 00 6C 04 03 68 37 39 
2687	-63	29	22	3	82 00 6C 2A 7B 00 DC 24 
2686	-57	30	22	3	E2 00 6C 80 03 00 78 91 
2686	-59	31	22	3	52 00 6C FF 73 00 7F 5D 
2686	-63	32	22	3	A2 00 6C E7 2B 00 83 35 
2686	-57	33	22	3	82 00 6C 2A 7B 00 DC 24 
2686	-57	34	22	3	E2 00 6C 80 03 00 78 91 
RxTime	RSSI	chan	crc err	ID	packet
2686	-65	35	22	3	52 00 6C FF 73 00 7F 5D 
2673	-68	36	22	3	A2 00 6C E7 2B 00 83 35 
2686	-62	37	22	3	82 00 6C 2A 7B 00 DC 24 
2686	-56	38	22	3	E2 00 6C 80 03 00 78 91 
2687	-61	39	22	3	52 00 6C FF 73 00 7F 5D 
2686	-64	40	22	3	62 00 6C FF C3 00 4E DC 
2686	-57	41	22	3	82 00 6C 2A 7B 00 DC 24 
2686	-62	42	22	3	E2 00 6C 80 03 00 78 91 
Got CRC error. 3B FF 00 E1 84 FC B1 67    Seconds since last error: 138    Minutes running: 55.01

72567	-57	18	23	3	82 00 6C 2A 8B 00 CF E5 
2686	-68	19	23	3	E2 00 6C 80 03 00 78 91 
2686	-60	20	23	3	52 00 6C FF 73 00 7F 5D 
2686	-57	21	23	3	A2 00 6C D9 2B 00 5D 91 
2686	-60	22	23	3	82 00 6C 2A 8B 00 CF E5 
2686	-59	23	23	3	E2 00 6C 80 03 00 78 91 
2686	-60	24	23	3	52 00 6C FF 73 00 7F 5D 
2687	-63	25	23	3	A2 00 6C D9 2B 00 5D 91 
2686	-57	26	23	3	82 00 6C 2A 8B 00 CF E5 
2686	-56	27	23	3	E2 00 6C 80 03 00 78 91 
2687	-67	28	23	3	52 00 6C FF 73 00 7F 5D 
2686	-61	29	23	3	62 00 6C FF C3 00 4E DC 
2686	-58	30	23	3	82 00 6C 2A 8B 00 CF E5 
2686	-57	31	23	3	E2 00 6C 80 03 00 78 91 
RxTime	RSSI	chan	crc err	ID	packet
2687	-68	32	23	3	52 00 6C FF 73 00 7F 5D 
2673	-57	33	23	3	42 01 6C FF C2 00 E2 B4 
2686	-58	34	23	3	82 00 6C 2A 8A 00 FC D4 
2687	-63	35	23	3	E2 00 6C 80 02 00 4B A0 
2686	-71	36	23	3	52 00 83 FF 73 00 2F 59 
2686	-62	37	23	3	92 00 83 04 03 98 88 22 
2687	-58	38	23	3	82 00 87 2A 9B 00 56 63 
2686	-57	39	23	3	E2 00 87 80 03 00 E2 64 
2686	-67	40	23	3	52 00 87 FF 73 00 E5 A8 
2686	-58	41	23	3	A2 00 85 D3 2B 00 ED CD 
2686	-60	42	23	3	82 01 77 2A 9B 00 63 7F 
2686	-58	43	23	3	E2 00 77 80 03 00 7D 29 
2686	-57	44	23	3	52 00 77 FF 73 00 7A E5 
2687	-63	45	23	3	A2 00 77 D3 2B 00 9F E8 
2686	-59	46	23	3	82 00 77 2A 8B 00 CA 5D 
2686	-59	47	23	3	E2 00 77 80 03 00 7D 29 
2687	-57	48	23	3	52 00 77 FF 73 00 7A E5 
2686	-57	49	23	3	62 00 77 FF C3 00 4B 64 
2686	-66	50	23	3	82 00 77 2A 8B 00 CA 5D 
2686	-58	0	23	3	E2 00 77 80 03 00 7D 29 
2686	-58	1	23	3	52 00 77 FF 73 00 7A E5 
2686	-58	2	23	3	42 00 77 FF C3 00 7E 6C 
RxTime	RSSI	chan	crc err	ID	packet
2686	-62	3	23	3	82 00 77 2A 9B 00 C9 2E 
2675	-57	4	23	3	E2 00 77 80 03 00 7D 29 
2686	-58	5	23	3	52 00 77 FF 73 00 7A E5 
2686	-63	6	23	3	92 00 77 01 03 07 44 38 
2687	-64	7	23	3	82 00 77 2A 9B 00 C9 2E 
2686	-57	8	23	3	E2 00 77 80 03 00 7D 29 
2686	-62	9	23	3	52 00 77 FF 73 00 7A E5 
2686	-58	10	23	3	A2 00 77 CD 2B 00 C7 8A 
2686	-57	11	23	3	82 00 77 2A 9B 00 C9 2E 
2686	-58	12	23	3	E2 00 77 80 03 00 7D 29 
2686	-60	13	23	3	52 00 77 FF 73 00 7A E5 
2687	-57	14	23	3	A2 00 77 CD 2B 00 C7 8A 
2686	-55	15	23	3	82 00 77 2A 9B 00 C9 2E 
2686	-57	16	23	3	E2 00 77 80 03 00 7D 29 
2687	-62	17	23	3	52 00 77 FF 73 00 7A E5 
2686	-58	18	23	3	62 00 77 FF C3 00 4B 64 
2686	-65	19	23	3	82 00 77 2A 9B 00 C9 2E 
2686	-58	20	23	3	E2 00 77 80 03 00 7D 29 
2686	-58	21	23	3	52 00 77 FF 73 00 7A E5 
2686	-59	22	23	3	42 00 77 FF C3 00 7E 6C 
2686	-60	23	23	3	82 00 77 2A 9B 00 C9 2E 
2687	-56	24	23	3	E2 00 77 80 03 00 7D 29 
RxTime	RSSI	chan	crc err	ID	packet
2687	-64	25	23	3	52 00 77 FF 73 00 7A E5 
2673	-57	26	23	3	92 00 77 01 03 17 56 09 
2686	-57	27	23	3	82 00 77 2A 9B 00 C9 2E 
2685	-63	28	23	3	E2 00 77 80 03 00 7D 29 
2685	-62	29	23	3	52 00 77 FF 73 00 7A E5 
2685	-60	30	23	3	A2 00 77 D4 2B 00 1A 78 
2686	-57	31	23	3	82 00 77 2A 9B 00 C9 2E 
2686	-60	32	23	3	E2 00 77 80 03 00 7D 29 
2686	-57	33	23	3	52 00 77 FF 73 00 7A E5 
2687	-59	34	23	3	A2 00 77 D4 2B 00 1A 78 
2686	-62	35	23	3	82 00 77 2A 9B 00 C9 2E 
2686	-67	36	23	3	E2 00 77 80 03 00 7D 29 
2687	-60	37	23	3	52 00 77 FF 73 00 7A E5 
2686	-58	38	23	3	62 00 77 FF C3 00 4B 64 
2686	-57	39	23	3	82 00 77 2A 9B 00 C9 2E 
2686	-64	40	23	3	E2 00 77 80 03 00 7D 29 
2686	-58	41	23	3	52 00 77 FF 73 00 7A E5 
2686	-59	42	23	3	42 00 77 FF C3 00 7E 6C 
2686	-58	43	23	3	82 00 77 2A 9B 00 C9 2E 
2687	-57	44	23	3	E2 00 77 80 03 00 7D 29 
2686	-62	45	23	3	52 00 77 FF 73 00 7A E5 
2686	-59	46	23	3	92 00 77 01 03 27 60 5A 
RxTime	RSSI	chan	crc err	ID	packet
2687	-59	47	23	3	82 00 77 2A 9B 00 C9 2E 
2672	-55	48	23	3	E2 00 77 80 03 00 7D 29 
2686	-57	49	23	3	52 00 77 FF 73 00 7A E5 
2686	-65	50	23	3	A2 00 77 D5 2B 00 2D 48 
2686	-57	0	23	3	82 00 77 2A 9B 00 C9 2E 
2686	-58	1	23	3	E2 00 77 80 03 00 7D 29 
2686	-57	2	23	3	52 00 77 FF 73 00 7A E5 
2687	-64	3	23	3	A2 00 77 D5 2B 00 2D 48 
2686	-56	4	23	3	82 00 77 2A 9B 00 C9 2E 
2686	-57	5	23	3	E2 00 77 80 03 00 7D 29 
2687	-64	6	23	3	52 00 77 FF 73 00 7A E5 
2686	-63	7	23	3	62 00 77 FF C3 00 4B 64 
2686	-57	8	23	3	82 00 77 2A AB 00 CC BB 
2686	-62	9	23	3	E2 00 77 80 03 00 7D 29 
2686	-57	10	23	3	52 00 77 FF 73 00 7A E5 
2686	-58	11	23	3	42 00 77 FF C3 00 7E 6C 
2686	-59	12	23	3	82 00 77 2A 9B 00 C9 2E 
2687	-62	13	23	3	E2 00 77 80 03 00 7D 29 
2686	-57	14	23	3	52 00 77 FF 73 00 7A E5 
2686	-56	15	23	3	92 00 77 01 03 37 72 6B 
2687	-56	16	23	3	82 00 77 2A 9B 00 C9 2E 
2686	-62	17	23	3	E2 00 77 80 03 00 7D 29 
RxTime	RSSI	chan	crc err	ID	packet
2686	-57	18	23	3	52 00 77 FF 73 00 7A E5 
2673	-67	19	23	3	A2 00 77 D1 2B 00 F1 88 
2686	-57	20	23	3	82 00 77 2A 9B 00 C9 2E 
2686	-59	21	23	3	E2 00 77 80 03 00 7D 29 
2686	-60	22	23	3	52 00 77 FF 73 00 7A E5 
2686	-64	23	23	3	A2 00 77 D1 2B 00 F1 88 
2686	-59	24	23	3	82 00 77 2A 9B 00 C9 2E 
2686	-69	25	23	3	E2 00 77 80 03 00 7D 29 
2687	-58	26	23	3	52 00 77 FF 73 00 7A E5 
2686	-58	27	23	3	62 00 77 FF C3 00 4B 64 
2686	-67	28	23	3	82 00 77 2A AB 00 CC BB 
2686	-64	29	23	3	E2 00 77 80 03 00 7D 29 
2686	-58	30	23	3	52 00 77 FF 73 00 7A E5 
2686	-58	31	23	3	42 00 77 FF C3 00 7E 6C 
2686	-63	32	23	3	82 00 77 2A AB 00 CC BB 
2686	-57	33	23	3	E2 00 77 80 03 00 7D 29 
2686	-57	34	23	3	52 00 77 FF 73 00 7A E5 
2686	-62	35	23	3	92 00 77 01 03 47 0C FC 
2687	-67	36	23	3	82 00 77 2A AB 00 CC BB 
2686	-60	37	23	3	E2 00 77 80 03 00 7D 29 
2686	-58	38	23	3	52 00 77 FF 73 00 7A E5 
2686	-59	39	23	3	A2 00 77 D5 2B 00 2D 48 
RxTime	RSSI	chan	crc err	ID	packet
2687	-66	40	23	3	82 00 77 2A AB 00 CC BB 
2673	-57	41	23	3	E2 00 77 80 03 00 7D 29 
2686	-59	42	23	3	52 00 77 FF 73 00 7A E5 
Got CRC error. C1 E4 69 C7 DE 98 B2 0C    Seconds since last error: 410    Minutes running: 61.84

72567	-59	18	24	3	E2 01 77 80 02 00 E4 49 
2686	-70	19	24	3	52 00 77 FF 73 00 7A E5 
2686	-56	20	24	3	42 00 77 FF C3 00 7E 6C 
2686	-58	21	24	3	82 00 77 2A BB 00 CF C8 
2686	-59	22	24	3	E2 00 77 80 03 00 7D 29 
2686	-59	23	24	3	52 00 77 FF 73 00 7A E5 
2686	-56	24	24	3	92 00 77 01 03 07 44 38 
2687	-65	25	24	3	82 00 77 2A BB 00 CF C8 
2686	-55	26	24	3	E2 00 77 80 03 00 7D 29 
2686	-57	27	24	3	52 00 77 FF 73 00 7A E5 
2686	-62	28	24	3	A2 00 78 D5 29 00 9F C4 
2686	-60	29	24	3	82 00 77 2A BB 00 CF C8 
2686	-57	30	24	3	E2 00 77 80 03 00 7D 29 
2686	-57	31	24	3	52 00 77 FF 73 00 7A E5 
2686	-63	32	24	3	A2 00 77 D5 2B 00 2D 48 
2686	-58	33	24	3	82 00 77 2A AB 00 CC BB 
2686	-56	34	24	3	E2 00 77 80 03 00 7D 29 
2687	-60	35	24	3	52 00 77 FF 73 00 7A E5 
2686	-67	36	24	3	62 00 77 FF C3 00 4B 64 
RxTime	RSSI	chan	crc err	ID	packet
2686	-59	37	24	3	82 00 77 2A BB 00 CF C8 
2674	-56	38	24	3	E2 00 77 80 03 00 7D 29 
2686	-57	39	24	3	52 00 77 FF 73 00 7A E5 
2686	-64	40	24	3	42 00 78 FF C1 00 CC E0 
2686	-57	41	24	3	82 00 77 2A BB 00 CF C8 
2686	-59	42	24	3	E2 00 77 80 03 00 7D 29 
Got CRC error. CF 6E A2 35 70 F9 B0 E3    Seconds since last error: 138    Minutes running: 64.15

72565	-57	18	25	3	82 00 77 2A BB 00 CF C8 
2686	-66	19	25	3	E2 00 77 80 03 00 7D 29 
2686	-57	20	25	3	52 00 77 FF 73 00 7A E5 
2686	-59	21	25	3	A2 00 77 D6 2B 00 74 18 
2686	-59	22	25	3	82 00 77 2A BB 00 CF C8 
2686	-59	23	25	3	E2 00 77 80 03 00 7D 29 
2687	-58	24	25	3	52 00 77 FF 73 00 7A E5 
2686	-65	25	25	3	62 00 77 FF C3 00 4B 64 
2686	-57	26	25	3	82 00 77 2A BB 00 CF C8 
2687	-57	27	25	3	E2 00 77 80 03 00 7D 29 
2686	-64	28	25	3	52 00 77 FF 73 00 7A E5 
2686	-64	29	25	3	42 00 77 FF C3 00 7E 6C 
2686	-58	30	25	3	82 00 77 2A BB 00 CF C8 
2686	-58	31	25	3	E2 00 77 80 03 00 7D 29 
2686	-60	32	25	3	52 00 77 FF 73 00 7A E5 
2686	-57	33	25	3	92 00 77 01 03 37 72 6B 
RxTime	RSSI	chan	crc err	ID	packet
2687	-56	34	25	3	82 00 77 2A CB 00 C7 91 
2672	-63	35	25	3	E2 00 77 80 03 00 7D 29 
2686	-66	36	25	3	52 00 77 FF 73 00 7A E5 
2687	-62	37	25	3	A2 00 77 E2 2B 00 6D 7D 
2686	-57	38	25	3	82 00 77 2A CB 00 C7 91 
2686	-57	39	25	3	E2 00 77 80 03 00 7D 29 
2686	-64	40	25	3	52 00 77 FF 73 00 7A E5 
2686	-58	41	25	3	A2 00 77 E2 2B 00 6D 7D 
2686	-62	42	25	3	82 00 77 2A CB 00 C7 91 
2686	-57	43	25	3	E2 00 77 80 03 00 7D 29 
2687	-58	44	25	3	52 00 77 FF 73 00 7A E5 
2686	-64	45	25	3	62 00 77 FF C3 00 4B 64 
2686	-57	46	25	3	82 00 77 2A CB 00 C7 91 
2687	-59	47	25	3	E2 00 77 80 03 00 7D 29 
2686	-58	48	25	3	52 00 77 FF 73 00 7A E5 
2686	-56	49	25	3	42 00 77 FF C3 00 7E 6C 
2686	-62	50	25	3	82 00 77 2A CB 00 C7 91 
2686	-59	0	25	3	E2 00 77 80 03 00 7D 29 
2686	-58	1	25	3	52 00 77 FF 73 00 7A E5 
2686	-58	2	25	3	92 00 77 01 03 47 0C FC 
2687	-62	3	25	3	82 00 77 2A CB 00 C7 91 
Got CRC error. D7 A3 9B 5D 8B 88 60 60    Seconds since last error: 167    Minutes running: 66.94

72566	-54	30	26	3	A2 00 77 D2 2B 00 A8 D8 
RxTime	RSSI	chan	crc err	ID	packet
2686	-54	31	26	3	82 00 77 2A DB 00 C4 E2 
2674	-58	32	26	3	E2 00 77 80 03 00 7D 29 
2687	-56	33	26	3	52 00 77 FF 73 00 7A E5 
2686	-54	34	26	3	62 00 77 FF C3 00 4B 64 
2686	-57	35	26	3	82 00 77 2A DB 00 C4 E2 
Got CRC error. 6D D4 39 74 9B A9 2B 9A    Seconds since last error: 87    Minutes running: 68.39

Got CRC error. C2 19 0B 70 0D 09 99 FE    Seconds since last error: 0    Minutes running: 68.40

Got CRC error. 7C 9E 4C E7 AE E0 26 CB    Seconds since last error: 73    Minutes running: 69.63

77942	-60	13	29	3	E2 00 77 80 03 00 7D 29 
2686	-57	14	29	3	52 00 77 FF 73 00 7A E5 
2687	-56	15	29	3	A2 00 77 DD 2B 00 84 E9 
2686	-58	16	29	3	82 00 77 2A DB 00 C4 E2 
2686	-69	17	29	3	E2 00 77 80 03 00 7D 29 
2686	-56	18	29	3	52 00 77 FF 73 00 7A E5 
2686	-72	19	29	3	A2 00 77 DD 2B 00 84 E9 
2686	-58	20	29	3	82 00 77 2A EB 00 C1 77 
2686	-55	21	29	3	E2 00 77 80 03 00 7D 29 
2687	-59	22	29	3	52 00 77 FF 73 00 7A E5 
2686	-59	23	29	3	62 00 77 FF C3 00 4B 64 
2686	-57	24	29	3	82 00 77 2A EB 00 C1 77 
2687	-67	25	29	3	E2 00 77 80 03 00 7D 29 
2686	-55	26	29	3	52 00 77 FF 73 00 7A E5 
2686	-56	27	29	3	42 00 77 FF C3 00 7E 6C 
2686	-61	28	29	3	82 00 77 2A EB 00 C1 77 
2686	-62	29	29	3	E2 00 77 80 03 00 7D 29 
RxTime	RSSI	chan	crc err	ID	packet
2686	-56	30	29	3	52 00 77 FF 73 00 7A E5 
2674	-57	31	29	3	92 00 77 01 03 87 D5 B0 
2686	-62	32	29	3	82 00 77 2A EB 00 C1 77 
2686	-57	33	29	3	E2 00 77 80 03 00 7D 29 
2686	-54	34	29	3	52 00 77 FF 73 00 7A E5 
2687	-63	35	29	3	A2 00 77 DB 2B 00 36 49 
2686	-70	36	29	3	82 00 77 2A EB 00 C1 77 
2686	-58	37	29	3	E2 00 77 80 03 00 7D 29 
2687	-54	38	29	3	52 00 77 FF 73 00 7A E5 
2686	-57	39	29	3	A2 00 77 DB 2B 00 36 49 
2686	-63	40	29	3	82 00 77 2A EB 00 C1 77 
2686	-53	41	29	3	E2 00 77 80 03 00 7D 29 
2686	-60	42	29	3	52 00 77 FF 73 00 7A E5 
Got CRC error. 85 9F CD 25 98 5E 72 5E    Seconds since last error: 81    Minutes running: 70.99

Got CRC error. 34 3E 17 5C 27 F9 F5 F2    Seconds since last error: 71    Minutes running: 72.18

75253	-67	19	31	3	52 00 77 FF 72 00 49 D4 
2687	-57	20	31	3	92 00 77 01 02 07 77 09 
2686	-58	21	31	3	82 00 77 2B 0A 00 D5 C4 
2686	-59	22	31	3	E2 00 77 80 02 00 4E 18 
2687	-65	23	31	3	52 00 77 FF 73 00 7A E5 
2686	-58	24	31	3	A2 01 7F DE 2B 00 F2 2B 
2686	-68	25	31	3	82 00 7F 2B 0B 00 63 36 
2686	-54	26	31	3	E2 00 7F 80 03 00 F8 EA 
2686	-56	27	31	3	52 00 7F FF 73 00 FF 26 
RxTime	RSSI	chan	crc err	ID	packet
2686	-63	28	31	3	A2 00 7F DE 2B 00 58 7A 
2673	-63	29	31	3	82 00 7F 2B 0B 00 63 36 
2687	-57	30	31	3	E2 00 C9 80 03 00 2E A2 
2686	-54	31	31	3	52 00 CE FF 71 00 1E 21 
2686	-64	32	31	3	62 00 CE FF C1 00 2F A0 
2687	-59	33	31	3	82 00 CE 2B 09 00 82 31 
2686	-57	34	31	3	E2 00 CE 80 01 00 19 ED 
2686	-63	35	31	3	52 00 CE FF 71 00 1E 21 
2686	-75	36	31	3	42 00 CE FF C1 00 1A A8 
2686	-63	37	31	3	82 00 CE 2B 09 00 82 31 
2686	-58	38	31	3	E2 00 CE 80 01 00 19 ED 
2686	-54	39	31	3	52 00 CE FF 71 00 1E 21 
2686	-60	40	31	3	92 00 CE 01 01 08 D1 13 
2686	-58	41	31	3	82 00 CE 2B 19 00 81 42 
2686	-59	42	31	3	E2 00 CE 80 01 00 19 ED 
Got CRC error. F1 79 40 2A 22 6C 83 7F    Seconds since last error: 66    Minutes running: 73.29

72567	-54	18	32	3	82 00 CE 2B 29 00 84 D7 
2686	-70	19	32	3	E2 00 CE 80 01 00 19 ED 
2686	-53	20	32	3	52 00 CE FF 71 00 1E 21 
2687	-55	21	32	3	62 00 CE FF C1 00 2F A0 
2686	-59	22	32	3	82 00 CE 2B 29 00 84 D7 
2686	-62	23	32	3	E2 00 CE 80 01 00 19 ED 
2686	-54	24	32	3	52 00 CE FF 71 00 1E 21 
RxTime	RSSI	chan	crc err	ID	packet
2687	-70	25	32	3	42 00 CE FF C1 00 1A A8 
2673	-55	26	32	3	82 00 CE 2B 39 00 87 A4 
2686	-56	27	32	3	E2 00 CE 80 01 00 19 ED 
2686	-64	28	32	3	52 00 CE FF 71 00 1E 21 
2686	-74	29	32	3	92 00 CE 01 01 28 F5 71 
2686	-57	30	32	3	82 00 CE 2B 39 00 87 A4 
2687	-56	31	32	3	E2 00 CE 80 01 00 19 ED 
2686	-64	32	32	3	52 00 CE FF 71 00 1E 21 
2686	-59	33	32	3	A2 00 CE E7 29 00 E2 49 
2687	-55	34	32	3	82 00 CE 2B 39 00 87 A4 
2686	-60	35	32	3	E2 00 CB 80 01 00 A5 A8 
2686	-67	36	32	3	52 00 91 FF 73 00 D9 96 
2686	-62	37	32	3	A2 00 91 E7 2B 00 25 FE 
2686	-57	38	32	3	82 00 91 2B 4B 00 48 4A 
2686	-57	39	32	3	E2 00 91 80 03 00 DE 5A 
2686	-59	40	32	3	52 01 85 FF 73 00 A2 91 
2686	-54	41	32	3	62 00 6B FF C1 00 79 93 
2686	-65	42	32	3	82 00 5D 2B 49 00 D2 BE 
2686	-59	43	32	3	E2 00 5C 80 03 00 54 78 
2687	-55	44	32	3	52 00 5C FF 73 00 53 B4 
2686	-68	45	32	3	42 00 5C FF C3 00 57 3D 
2686	-55	46	32	3	82 00 5C 2B 4B 00 C2 68 
RxTime	RSSI	chan	crc err	ID	packet
2687	-76	47	32	3	E2 00 5C 80 03 00 54 78 
2673	-58	48	32	3	52 00 5C FF 73 00 53 B4 
Got CRC error. D7 D3 E3 E6 F7 05 F3 8E    Seconds since last error: 153    Minutes running: 75.85

5374	-80	50	33	3	82 00 5C 2B 4B 00 C2 68 
2686	-59	0	33	3	E2 00 5C 80 03 00 54 78 
2686	-57	1	33	3	52 00 5C FF 73 00 53 B4 
2686	-58	2	33	3	A2 00 5C DB 2B 00 1F 18 
2686	-74	3	33	3	82 00 5C 2B 5B 00 C1 1B 
2686	-60	4	33	3	E2 00 61 80 03 00 41 17 
2686	-57	5	33	3	52 00 61 FF 73 00 46 DB 
2686	-87	6	33	3	A2 00 61 DB 2B 00 0A 77 
2686	-68	7	33	3	82 00 61 2B 5B 00 D4 74 
2686	-55	8	33	3	E2 00 61 80 03 00 41 17 
2687	-62	9	33	3	52 00 61 FF 73 00 46 DB 
2686	-61	10	33	3	62 00 61 FF C3 00 77 5A 
2686	-57	11	33	3	82 00 61 2B 5B 00 D4 74 
2687	-60	12	33	3	E2 00 61 80 03 00 41 17 
2686	-67	13	33	3	52 00 61 FF 73 00 46 DB 
2686	-59	14	33	3	42 00 61 FF C3 00 42 52 
2686	-57	15	33	3	82 00 61 2B 5B 00 D4 74 
2686	-60	16	33	3	E2 00 61 80 03 00 41 17 
2686	-67	17	33	3	52 00 61 FF 73 00 46 DB 
2686	-54	18	33	3	92 00 61 01 03 18 9B D8 
RxTime	RSSI	chan	crc err	ID	packet
2687	-77	19	33	3	82 00 61 2B 5B 00 D4 74 
2673	-58	20	33	3	E2 00 61 80 03 00 41 17 
2686	-57	21	33	3	52 00 61 FF 73 00 46 DB 
2687	-64	22	33	3	A2 00 61 D1 2B 00 CD B6 
2686	-72	23	33	3	82 00 61 2B 6B 00 D1 E1 
2686	-58	24	33	3	E2 00 61 80 03 00 41 17 
2687	-75	25	33	3	52 01 61 FF 72 00 DF BB 
2686	-60	26	33	3	A2 00 62 D1 2A 00 65 5B 
2686	-58	27	33	3	82 00 7D 2B 68 00 D0 27 
2687	-69	28	33	3	E2 00 7F 80 00 00 AD B9 
2685	-73	29	33	3	52 00 7F FF 72 00 CC 17 
2685	-57	30	33	3	62 00 8C FF C3 00 CA 36 
2685	-57	31	33	3	82 00 B1 2B 6B 00 79 E2 
2685	-74	32	33	3	E2 00 B0 80 03 00 9F A0 
2685	-56	33	33	3	52 00 B0 FF 73 00 98 6C 
2685	-57	34	33	3	42 00 B0 FF C3 00 9C E5 
2686	-70	35	33	3	82 00 B0 2B 6B 00 0F 56 
2686	-75	36	33	3	E2 00 B0 80 03 00 9F A0 
2686	-70	37	33	3	52 00 B0 FF 73 00 98 6C 
2687	-58	38	33	3	92 00 B0 01 03 06 B6 90 
2686	-59	39	33	3	82 00 67 2B 6B 00 F6 78 
2686	-72	40	33	3	E2 00 71 80 03 00 5A B0 
RxTime	RSSI	chan	crc err	ID	packet
2687	-57	41	33	3	52 00 6A FF 73 00 58 C4 
2672	-72	42	33	3	A2 00 6A C2 2B 00 C9 9A 
Got CRC error. CF 86 65 6D 37 C2 28 1C    Seconds since last error: 118    Minutes running: 77.83

72566	-54	18	34	3	52 00 78 FF 73 00 AE 0B 
2687	-78	19	34	3	62 00 78 FF C3 00 9F 8A 
2686	-58	20	34	3	82 00 78 2B 7B 00 3A 42 
2686	-57	21	34	3	E2 00 78 80 03 00 A9 C7 
2687	-64	22	34	3	52 00 78 FF 73 00 AE 0B 
2686	-68	23	34	3	42 00 78 FF C3 00 AA 82 
2686	-57	24	34	3	82 00 78 2B 7B 00 3A 42 
2686	-80	25	34	3	E2 00 78 80 03 00 A9 C7 
2686	-57	26	34	3	52 00 78 FF 73 00 AE 0B 
2686	-58	27	34	3	92 00 78 01 03 18 73 08 
2686	-68	28	34	3	82 00 78 2B 7B 00 3A 42 
2686	-70	29	34	3	E2 00 78 80 03 00 A9 C7 
2686	-58	30	34	3	52 00 78 FF 73 00 AE 0B 
2686	-58	31	34	3	A2 00 78 B7 2B 00 0C AD 
2687	-75	32	34	3	82 00 78 2B 7B 00 3A 42 
2686	-59	33	34	3	E2 00 78 80 03 00 A9 C7 
2686	-57	34	34	3	52 00 78 FF 73 00 AE 0B 
2687	-68	35	34	3	A2 00 78 B7 2B 00 0C AD 
2686	-81	36	34	3	82 00 78 2B 7B 00 3A 42 
2686	-67	37	34	3	E2 00 78 80 03 00 A9 C7 
RxTime	RSSI	chan	crc err	ID	packet
2687	-56	38	34	3	52 00 78 FF 73 00 AE 0B 
2673	-58	39	34	3	62 00 78 FF C3 00 9F 8A 
2686	-71	40	34	3	82 00 78 2B 7B 00 3A 42 
2686	-56	41	34	3	E2 00 78 80 03 00 A9 C7 
2686	-68	42	34	3	52 00 78 FF 73 00 AE 0B 
Got CRC error. 9C 92 01 94 34 48 FA D8    Seconds since last error: 138    Minutes running: 80.13

72566	-57	18	35	3	E2 01 89 80 00 00 BF 3C 
2687	-76	19	35	3	52 00 89 FF 70 00 12 A1 
2686	-56	20	35	3	A2 00 89 C7 28 00 68 0F 
2686	-55	21	35	3	82 00 89 2B 88 00 95 29 
2687	-65	22	35	3	E2 00 89 80 00 00 15 6D 
2686	-70	23	35	3	52 00 89 FF 70 00 12 A1 
2686	-57	24	35	3	A2 00 89 C7 28 00 68 0F 
2687	-74	25	35	3	82 00 89 2B 88 00 95 29 
2686	-55	26	35	3	E2 00 89 80 00 00 15 6D 
2686	-58	27	35	3	52 00 89 FF 70 00 12 A1 
2686	-66	28	35	3	62 00 89 FF C0 00 23 20 
2686	-69	29	35	3	82 00 89 2B 88 00 95 29 
2686	-57	30	35	3	E2 00 89 80 00 00 15 6D 
2686	-60	31	35	3	52 00 89 FF 70 00 12 A1 
2686	-62	32	35	3	42 00 89 FF C0 00 16 28 
2686	-57	33	35	3	82 00 89 2B 89 00 A6 18 
2686	-57	34	35	3	E2 00 89 80 01 00 26 5C 
RxTime	RSSI	chan	crc err	ID	packet
2687	-64	35	35	3	52 01 A8 FF 73 00 AC 59 
2673	-83	36	35	3	92 03 A4 03 03 0A 26 F8 
2686	-59	37	35	3	82 04 B2 2B 89 00 1D E8 
2687	-54	38	35	3	E2 07 AB 80 02 00 CE FD 
2686	-57	39	35	3	52 06 A8 FF 71 00 AD EF 
2686	-64	40	35	3	A2 06 A5 B8 29 00 1A FE 
2686	-58	41	35	3	82 06 BE 2B 89 00 16 59 
2686	-68	42	35	3	E2 07 BB 80 02 00 D5 5A 
Got CRC error. B8 EF 75 74 3D 3D 7F 25    Seconds since last error: 138    Minutes running: 82.43

72565	-55	18	36	3	82 00 D0 2B 9B 00 45 45 
2687	-76	19	36	3	E2 00 E4 80 03 00 20 6A 
2686	-56	20	36	3	52 01 FF FF 71 00 EE 2D 
2686	-54	21	36	3	42 03 EC FF C3 00 48 3E 
2687	-59	22	36	3	82 03 E4 2B 99 00 2B ED 
2686	-63	23	36	3	E2 03 D1 80 03 00 5E 14 
2686	-55	24	36	3	52 02 D1 FF 72 00 C0 B8 
2686	-71	25	36	3	92 00 D1 07 03 1C 98 2D 
2686	-54	26	36	3	82 00 D1 2B 9B 00 33 F1 
2686	-57	27	36	3	E2 00 D1 80 03 00 B0 C6 
2686	-60	28	36	3	52 00 D1 FF 73 00 B7 0A 
2686	-68	29	36	3	A2 00 D1 B4 2B 00 4C FC 
2686	-54	30	36	3	82 00 D1 2B 9B 00 33 F1 
2686	-59	31	36	3	E2 02 B2 80 03 00 36 4B 
RxTime	RSSI	chan	crc err	ID	packet
2687	-71	32	36	3	52 04 AB FF 73 00 14 D2 
2672	-62	33	36	3	A2 05 A5 B4 29 00 81 4D 
2686	-52	34	36	3	82 03 B2 2B 9B 00 1F 2D 
2687	-62	35	36	3	E2 02 B1 80 03 00 AD 97 
2686	-73	36	36	3	52 02 B1 FF 73 00 AA 5B 
2686	-63	37	36	3	62 04 B3 FF C3 00 BB 37 
2687	-55	38	36	3	82 05 B3 2B 9B 00 A4 1C 
2686	-56	39	36	3	E2 04 B0 80 01 00 70 C4 
2686	-68	40	36	3	52 03 B7 FF 73 00 27 93 
2687	-56	41	36	3	42 02 B8 FF C1 00 3B C7 
2686	-66	42	36	3	82 00 B8 2B 99 00 FF 36 
2686	-60	43	36	3	E2 00 B8 80 01 00 7C 01 
2687	-55	44	36	3	52 00 B8 FF 71 00 7B CD 
2686	-65	45	36	3	92 00 B8 07 01 2C 62 B9 
2686	-57	46	36	3	82 00 B8 2B 99 00 FF 36 
2686	-74	47	36	3	E2 00 B8 80 01 00 7C 01 
2686	-56	48	36	3	52 00 B8 FF 71 00 7B CD 
2686	-59	49	36	3	A2 00 B8 AF 29 00 33 A9 
2686	-78	50	36	3	82 00 B8 2B 99 00 FF 36 
2686	-56	0	36	3	E2 00 B8 80 01 00 7C 01 
2686	-56	1	36	3	52 00 B8 FF 71 00 7B CD 
2686	-58	2	36	3	A2 00 B8 AF 29 00 33 A9 
RxTime	RSSI	chan	crc err	ID	packet
2687	-74	3	36	3	82 00 B8 2B 99 00 FF 36 
2674	-59	4	36	3	E2 00 B8 80 01 00 7C 01 
2686	-56	5	36	3	52 00 B8 FF 71 00 7B CD 
2687	-73	6	36	3	62 00 B8 FF C1 00 4A 4C 
2686	-63	7	36	3	82 00 B8 2B 99 00 FF 36 
2686	-55	8	36	3	E2 00 B8 80 01 00 7C 01 
2687	-62	9	36	3	52 00 B8 FF 71 00 7B CD 
2686	-56	10	36	3	42 00 B8 FF C3 00 19 26 
2686	-56	11	36	3	82 00 B8 2B 99 00 FF 36 
2686	-60	12	36	3	E2 00 B8 80 01 00 7C 01 
2686	-72	13	36	3	52 00 B8 FF 71 00 7B CD 
2686	-58	14	36	3	92 00 B8 07 01 3C 70 88 
2686	-57	15	36	3	82 00 B8 2B 99 00 FF 36 
2686	-60	16	36	3	E2 00 B8 80 01 00 7C 01 
2686	-70	17	36	3	52 00 B8 FF 71 00 7B CD 
2686	-57	18	36	3	A2 00 B8 BE 29 00 47 FA 
2686	-74	19	36	3	82 00 B8 2B 99 00 FF 36 
2686	-57	20	36	3	E2 00 B8 80 01 00 7C 01 
2686	-57	21	36	3	52 00 B8 FF 71 00 7B CD 
2687	-64	22	36	3	A2 00 B8 BE 29 00 47 FA 
2686	-72	23	36	3	82 00 B8 2B 99 00 FF 36 
2686	-57	24	36	3	E2 00 B8 80 01 00 7C 01 
RxTime	RSSI	chan	crc err	ID	packet
2687	-73	25	36	3	52 00 B8 FF 71 00 7B CD 
2673	-54	26	36	3	62 00 B8 FF C3 00 2C 2E 
2686	-58	27	36	3	82 00 B8 2B 99 00 FF 36 
2687	-70	28	36	3	E2 00 B8 80 01 00 7C 01 
2686	-68	29	36	3	52 00 B8 FF 71 00 7B CD 
2686	-58	30	36	3	42 00 B8 FF C1 00 7F 44 
2686	-58	31	36	3	82 00 B8 2B 99 00 FF 36 
2686	-72	32	36	3	E2 00 B8 80 01 00 7C 01 
2686	-59	33	36	3	52 00 B8 FF 71 00 7B CD 
2686	-57	34	36	3	92 00 B8 07 01 4C 0E 1F 
2686	-63	35	36	3	82 00 B8 2B 99 00 FF 36 
2686	-75	36	36	3	E2 00 B8 80 01 00 7C 01 
2686	-63	37	36	3	52 00 B8 FF 73 00 1D AF 
2686	-54	38	36	3	A2 00 B8 BB 29 00 AC 0A 
2686	-55	39	36	3	82 00 B8 2B 99 00 FF 36 
2686	-69	40	36	3	E2 00 B8 80 01 00 7C 01 
2687	-56	41	36	3	52 00 B8 FF 73 00 1D AF 
2686	-73	42	36	3	A2 00 B8 BB 29 00 AC 0A 
Got CRC error. E9 1E B5 27 EE 52 C4 49    Seconds since last error: 272    Minutes running: 86.97

72566	-57	18	37	3	52 00 A5 FF 72 00 0C BF 
2686	-76	19	37	3	42 00 A5 FF C2 00 08 36 
2686	-57	20	37	3	82 00 A5 2B 98 00 EE 26 
2686	-56	21	37	3	E2 00 A5 80 00 00 6D 11 
RxTime	RSSI	chan	crc err	ID	packet
2687	-63	22	37	3	52 00 A4 FF 73 00 49 3A 
2673	-67	23	37	3	92 00 A4 08 01 0B 4E 98 
2686	-58	24	37	3	82 00 A4 2B 99 00 AB A3 
2686	-66	25	37	3	E2 00 A4 80 01 00 28 94 
2686	-59	26	37	3	52 00 A4 FF 71 00 2F 58 
2686	-58	27	37	3	A2 00 A4 AB 29 00 BB FC 
2687	-68	28	37	3	82 00 A4 2B 9B 00 CD C1 
2686	-74	29	37	3	E2 00 A5 80 01 00 5E 20 
2686	-57	30	37	3	52 00 A4 FF 73 00 49 3A 
2687	-58	31	37	3	A2 00 A4 AB 2B 00 DD 9E 
2686	-68	32	37	3	82 00 B6 2B 9B 00 3B 0E 
2686	-59	33	37	3	E2 00 B7 80 01 00 A8 EF 
2687	-55	34	37	3	52 00 B6 FF 71 00 D9 97 
2686	-71	35	37	3	62 00 B6 FF C1 00 E8 16 
2686	-75	36	37	3	82 00 B6 2B 99 00 5D 6C 
2686	-71	37	37	3	E2 00 B6 80 01 00 DE 5B 
2686	-55	38	37	3	52 00 B6 FF 71 00 D9 97 
2686	-58	39	37	3	42 00 B6 FF C1 00 DD 1E 
2686	-69	40	37	3	82 00 B6 2B 9B 00 3B 0E 
2685	-58	41	37	3	E2 00 B6 80 01 00 DE 5B 
2685	-69	42	37	3	52 00 B6 FF 71 00 D9 97 
Got CRC error. AF E3 27 1F E9 F8 1F 6B    Seconds since last error: 137    Minutes running: 89.25

72565	-59	18	38	3	E2 00 97 80 01 00 9F A1 
RxTime	RSSI	chan	crc err	ID	packet
2687	-79	19	38	3	52 00 97 FF 71 00 98 6D 
2672	-58	20	38	3	A2 00 97 B7 29 00 3A CB 
2687	-55	21	38	3	82 00 97 2B 99 00 1C 96 
2686	-63	22	38	3	E2 00 97 80 01 00 9F A1 
2686	-67	23	38	3	52 00 97 FF 71 00 98 6D 
2686	-56	24	38	3	62 00 97 FF C1 00 A9 EC 
2686	-71	25	38	3	82 00 97 2B 99 00 1C 96 
2686	-57	26	38	3	E2 00 97 80 01 00 9F A1 
2686	-59	27	38	3	52 00 97 FF 71 00 98 6D 
2686	-65	28	38	3	42 00 97 FF C1 00 9C E4 
2686	-74	29	38	3	82 00 97 2B 99 00 1C 96 
2686	-58	30	38	3	E2 00 97 80 01 00 9F A1 
2686	-59	31	38	3	52 00 97 FF 71 00 98 6D 
2686	-73	32	38	3	92 00 97 08 01 3B CF FE 
2686	-60	33	38	3	82 00 97 2B 89 00 1F E5 
2687	-57	34	38	3	E2 00 97 80 01 00 9F A1 
2686	-64	35	38	3	52 00 97 FF 71 00 98 6D 
2686	-75	36	38	3	A2 00 97 BD 29 00 FD 0A 
2687	-66	37	38	3	82 00 97 2B 89 00 1F E5 
2686	-58	38	38	3	E2 00 97 80 01 00 9F A1 
2686	-58	39	38	3	52 00 97 FF 71 00 98 6D 
2686	-66	40	38	3	A2 00 97 BD 29 00 FD 0A 
RxTime	RSSI	chan	crc err	ID	packet
2687	-57	41	38	3	82 00 97 2B 89 00 1F E5 
2673	-70	42	38	3	E2 00 97 80 01 00 9F A1 
Got CRC error. D3 8E C7 96 DC 7F 15 91    Seconds since last error: 137    Minutes running: 91.54

72565	-54	18	39	3	82 00 C3 2B 89 00 A0 2F 
2686	-73	19	39	3	E2 00 C3 80 01 00 20 6B 
2686	-58	20	39	3	52 00 C3 FF 71 00 27 A7 
2687	-56	21	39	3	92 00 C3 08 01 5B 1C 92 
2686	-64	22	39	3	82 00 C3 2B 89 00 A0 2F 
2686	-69	23	39	3	E2 00 C3 80 01 00 20 6B 
2687	-58	24	39	3	52 00 C3 FF 71 00 27 A7 
2686	-69	25	39	3	A2 00 C3 BE 29 00 1B 90 
2686	-55	26	39	3	82 00 C3 2B 89 00 A0 2F 
2687	-57	27	39	3	E2 00 C3 80 01 00 20 6B 
2686	-67	28	39	3	52 00 C3 FF 71 00 27 A7 
2686	-62	29	39	3	A2 00 C3 BE 29 00 1B 90 
2686	-55	30	39	3	82 00 C3 2B 89 00 A0 2F 
2686	-56	31	39	3	E2 00 C3 80 01 00 20 6B 
2686	-67	32	39	3	52 00 C3 FF 71 00 27 A7 
2686	-58	33	39	3	62 00 C3 FF C1 00 16 26 
2686	-55	34	39	3	82 00 C3 2B 89 00 A0 2F 
2686	-64	35	39	3	E2 00 C3 80 01 00 20 6B 
2686	-68	36	39	3	52 00 C3 FF 71 00 27 A7 
2686	-62	37	39	3	42 00 C3 FF C1 00 23 2E 
RxTime	RSSI	chan	crc err	ID	packet
2686	-56	38	39	3	82 01 7F 2B 89 00 B4 9D 
2674	-59	39	39	3	E2 00 7E 80 03 00 8E 5E 
2686	-63	40	39	3	52 00 7E FF 73 00 89 92 
2686	-56	41	39	3	92 00 7E 08 03 6B 84 F4 
2686	-63	42	39	3	82 00 7E 2B 8B 00 0E 1A 
2687	-62	43	39	3	E2 00 7E 80 03 00 8E 5E 
2686	-56	44	39	3	52 00 7E FF 73 00 89 92 
2686	-62	45	39	3	A2 00 7E CD 2B 00 34 FD 
2687	-55	46	39	3	82 00 7E 2B 8B 00 0E 1A 
2686	-65	47	39	3	E2 00 7E 80 03 00 8E 5E 
2686	-56	48	39	3	52 00 7E FF 73 00 89 92 
2687	-57	49	39	3	A2 00 7E CD 2B 00 34 FD 
2686	-65	50	39	3	82 00 7E 2B 8B 00 0E 1A 
2686	-61	0	39	3	E2 00 7E 80 03 00 8E 5E 
2687	-57	1	39	3	52 00 7E FF 73 00 89 92 
2686	-58	2	39	3	62 00 7E FF C3 00 B8 13 
2686	-63	3	39	3	82 00 7E 2B 8B 00 0E 1A 
2686	-62	4	39	3	E2 00 7E 80 03 00 8E 5E 
2686	-59	5	39	3	52 00 7E FF 73 00 89 92 
2686	-64	6	39	3	42 00 7E FF C3 00 8D 1B 
2686	-72	7	39	3	82 00 7E 2B 89 00 68 78 
2686	-63	8	39	3	E2 00 7E 80 01 00 E8 3C 
RxTime	RSSI	chan	crc err	ID	packet
2686	-65	9	39	3	52 00 7E FF 71 00 EF F0 
2675	-64	10	39	3	92 00 7E 08 01 7B F0 A7 
2687	-59	11	39	3	82 00 7E 2B 89 00 68 78 
2686	-63	12	39	3	E2 00 7E 80 01 00 E8 3C 
2686	-60	13	39	3	52 00 7E FF 71 00 EF F0 
2687	-65	14	39	3	A2 00 7E D2 29 00 3D CD 
2686	-58	15	39	1	80 00 7E 2B 79 00 F0 F9     (SRG changed Station ID)
2561	-65	16	39	1	E0 00 7E 80 01 00 63 7C 
2561	-66	17	39	1	50 00 7E FF 71 00 64 B0 
2561	-60	18	39	1	A0 00 7E D2 29 00 B6 8D 
Got CRC error. 01 01 FC AD E4 03 80 CF    Seconds since last error: 211    Minutes running: 95.06

5123	-58	20	40	1	E0 00 7E 80 01 00 63 7C 
2561	-58	21	40	1	50 00 7E FF 71 00 64 B0 
2562	-60	22	40	1	60 00 7E FF C1 00 55 31 
2561	-58	23	40	1	80 00 7E 2B 79 00 F0 F9 
2561	-57	24	40	1	E0 00 7E 80 01 00 63 7C 
2561	-69	25	40	1	50 00 7E FF 71 00 64 B0 
2561	-55	26	40	1	40 00 7E FF C1 00 60 39 
2562	-56	27	40	1	80 00 7E 2B 79 00 F0 F9 
2561	-65	28	40	1	E0 00 7E 80 01 00 63 7C 
2561	-64	29	40	1	50 00 7E FF 71 00 64 B0 
2561	-56	30	40	1	90 00 7E 08 01 8B 94 F8 
2561	-57	31	40	1	80 00 7E 2B 79 00 F0 F9 
RxTime	RSSI	chan	crc err	ID	packet
2562	-63	32	40	1	E0 00 7E 80 01 00 63 7C 
2548	-57	33	40	1	50 00 7E FF 71 00 64 B0 
2561	-56	34	40	1	A0 00 7E DA 29 00 1F 2C 
2561	-62	35	40	1	80 00 7E 2B 79 00 F0 F9 
2561	-68	36	40	1	E0 00 7E 80 01 00 63 7C 
2561	-64	37	40	1	50 00 7E FF 71 00 64 B0 
2561	-57	38	40	1	A0 00 7E DA 29 00 1F 2C 
2561	-56	39	40	1	80 00 7E 2B 79 00 F0 F9 
2561	-64	40	40	1	E0 00 7E 80 01 00 63 7C 
2561	-57	41	40	1	50 00 7E FF 71 00 64 B0 
2561	-60	42	40	1	60 00 7E FF C1 00 55 31 
2561	-58	43	40	1	80 00 7E 2B 79 00 F0 F9 
2561	-58	44	40	1	E0 00 7E 80 01 00 63 7C 
2561	-69	45	40	1	50 00 7E FF 71 00 64 B0 
2561	-55	46	40	1	40 00 7E FF C1 00 60 39 
2561	-62	47	40	1	80 00 7E 2B 79 00 F0 F9 
2561	-57	48	40	1	E0 00 7E 80 01 00 63 7C 
2561	-59	49	40	1	50 00 7E FF 71 00 64 B0 
2562	-68	50	40	1	90 00 7E 08 01 9B 86 C9 
