Output from Radio_Raw_Data_Test.ino
7/9/15
Used MoteinoMega that was located on kitchen table
Davis ISS had a new battery
Changed ID to 1 to see if CRC errors would get better, but it didn't help
got an error every 130 seconds on average
Packet interval was set too 2562



Davis ISS Radio test for MoteinoMega
RxTime	RSSI	chan	crc err	ID	packet
0	-59	0	0	1	50 00 7E FF 71 00 64 B0 
2552	-58	1	0	1	A0 00 7E D5 29 00 33 1D 
2561	-57	2	0	1	80 00 7E 2B 79 00 F0 F9 
2563	-70	3	0	1	E0 00 7E 80 01 00 63 7C 
2561	-60	4	0	1	50 00 7E FF 71 00 64 B0 
2561	-57	5	0	1	A0 00 7E D5 29 00 33 1D 
2561	-70	6	0	1	80 00 7E 2B 79 00 F0 F9 
2561	-65	7	0	1	E0 00 7E 80 00 00 50 4D 
2562	-59	8	0	1	50 00 7E FF 70 00 57 81 
2561	-64	9	0	1	60 00 7E FF C0 00 66 00 
2561	-59	10	0	1	80 00 7E 2B 78 00 C3 C8 
2561	-58	11	0	1	E0 00 7E 80 00 00 50 4D 
2561	-63	12	0	1	50 00 7E FF 70 00 57 81 
2562	-63	13	0	1	40 00 7E FF C0 00 53 08 
2561	-57	14	0	1	80 00 7E 2B 78 00 C3 C8 
2561	-58	15	0	1	E0 00 7E 80 00 00 50 4D 
2561	-59	16	0	1	50 00 C3 FF 71 00 AC E7 
2561	-62	17	0	1	90 02 C3 02 03 0C 58 E0 
2562	-57	18	0	1	80 04 BF 2B 7B 00 DA 8D 
2562	-70	19	0	1	E0 03 BF 80 03 00 2E DC 
2561	-59	20	0	1	50 02 BF FF 73 00 83 41 
2561	-59	21	0	1	A0 01 BF C5 2B 00 79 5D 
RxTime	RSSI	chan	crc err	ID	packet
2561	-63	22	0	1	80 00 BF 2B 7B 00 53 8B 
2550	-63	23	0	1	E0 00 BF 80 03 00 C0 0E 
2561	-57	24	0	1	50 00 BF FF 73 00 C7 C2 
2561	-68	25	0	1	A0 00 BF C5 2B 00 D3 0C 
2561	-57	26	0	1	80 00 BF 2B 7B 00 53 8B 
2561	-59	27	0	1	E0 00 BF 80 03 00 C0 0E 
2562	-64	28	0	1	50 00 A8 FF 71 00 EB 2A 
2561	-85	29	0	1	60 02 74 FF C3 00 1F 7B 
2561	-57	30	0	1	80 03 79 2B 79 00 4F 06 
2561	-59	31	0	1	E0 02 79 80 03 00 10 B0 
2561	-68	32	0	1	50 01 79 FF 71 00 9F CC 
2561	-61	33	0	1	40 00 79 FF C3 00 57 76 
2561	-58	34	0	1	80 00 79 2B 7B 00 C7 B6 
2562	-67	35	0	1	E0 00 79 80 01 00 32 51 
2562	-69	36	0	1	50 00 79 FF 71 00 35 9D 
2561	-65	37	0	1	90 00 79 04 03 0C 37 B9 
2561	-58	38	0	1	80 01 78 2B 7A 00 28 62 
2561	-58	39	0	1	E0 00 78 80 02 00 11 B6 
2561	-66	40	0	1	50 00 78 FF 72 00 16 7A 
2562	-57	41	0	1	A0 00 78 C4 2A 00 35 84 
2561	-63	42	0	1	80 00 78 2B 7A 00 82 33 
Got CRC error. 5C 7E E0 60 8A FA 0A 31    Seconds since last error: 234    Minutes running: 3.91

69190	-58	18	1	1	60 00 94 FF C3 00 DF 12 
RxTime	RSSI	chan	crc err	ID	packet
2561	-72	19	1	1	80 00 94 2B 6B 00 79 A9 
2550	-60	20	1	1	E0 00 94 80 03 00 E9 5F 
2561	-57	21	1	1	50 00 94 FF 73 00 EE 93 
2561	-62	22	1	1	40 00 94 FF C3 00 EA 1A 
2561	-64	23	1	1	80 00 94 2B 7B 00 7A DA 
2561	-60	24	1	1	E0 00 94 80 03 00 E9 5F 
2561	-74	25	1	1	50 00 94 FF 73 00 EE 93 
2561	-57	26	1	1	90 00 94 04 03 2C AE B7 
2561	-59	27	1	1	80 00 94 2B 6B 00 79 A9 
2562	-66	28	1	1	E0 00 94 80 03 00 E9 5F 
2561	-68	29	1	1	50 00 94 FF 73 00 EE 93 
2561	-58	30	1	1	A0 00 94 BE 2B 00 D2 A4 
2561	-58	31	1	1	80 00 94 2B 6B 00 79 A9 
2562	-68	32	1	1	E0 00 94 80 03 00 E9 5F 
2562	-59	33	1	1	50 00 94 FF 73 00 EE 93 
2561	-58	34	1	1	A0 00 94 BE 2B 00 D2 A4 
2561	-64	35	1	1	80 00 94 2B 6B 00 79 A9 
2561	-72	36	1	1	E0 00 94 80 03 00 E9 5F 
2561	-65	37	1	1	50 00 94 FF 73 00 EE 93 
2562	-58	38	1	1	60 00 94 FF C3 00 DF 12 
2561	-58	39	1	1	80 00 94 2B 6B 00 79 A9 
2561	-68	40	1	1	E0 00 94 80 03 00 E9 5F 
RxTime	RSSI	chan	crc err	ID	packet
2562	-56	41	1	1	50 00 94 FF 73 00 EE 93 
2549	-65	42	1	1	40 00 94 FF C3 00 EA 1A 
2562	-64	43	1	1	80 00 94 2B 6B 00 79 A9 
2561	-60	44	1	1	E0 00 94 80 03 00 E9 5F 
2561	-63	45	1	1	50 00 94 FF 73 00 EE 93 
2561	-57	46	1	1	90 00 94 04 03 3C BC 86 
2561	-70	47	1	1	80 00 94 2B 6B 00 79 A9 
2563	-60	48	1	1	E0 00 94 80 03 00 E9 5F 
2561	-59	49	1	1	50 00 94 FF 73 00 EE 93 
2561	-75	50	1	1	A0 00 92 C5 2B 00 DD C4 
2561	-60	0	1	1	80 01 90 2B 69 00 7F 6B 
2561	-57	1	1	1	E0 00 90 80 01 00 45 CC 
2562	-56	2	1	1	50 00 90 FF 71 00 42 00 
2561	-59	3	1	1	A0 00 90 C5 29 00 56 CE 
2561	-56	4	1	1	80 00 90 2B 69 00 D5 3A 
2561	-55	5	1	1	E0 00 90 80 01 00 45 CC 
2561	-66	6	1	1	50 00 90 FF 71 00 42 00 
2562	-63	7	1	1	60 00 90 FF C1 00 73 81 
2561	-55	8	1	1	80 00 90 2B 69 00 D5 3A 
2561	-62	9	1	1	E0 00 90 80 01 00 45 CC 
2561	-56	10	1	1	50 00 90 FF 71 00 42 00 
2561	-55	11	1	1	40 00 90 FF C1 00 46 89 
RxTime	RSSI	chan	crc err	ID	packet
2561	-59	12	1	1	80 00 90 2B 69 00 D5 3A 
2549	-64	13	1	1	E0 00 90 80 01 00 45 CC 
2561	-55	14	1	1	50 00 90 FF 71 00 42 00 
2561	-55	15	1	1	90 00 90 04 01 4C 6E 82 
2561	-57	16	1	1	80 00 90 2B 69 00 D5 3A 
2561	-66	17	1	1	E0 00 90 80 01 00 45 CC 
2561	-55	18	1	1	50 00 90 FF 71 00 42 00 
2561	-71	19	1	1	A0 00 90 C5 29 00 56 CE 
2561	-57	20	1	1	80 00 90 2B 69 00 D5 3A 
2561	-55	21	1	1	E0 00 90 80 01 00 45 CC 
2561	-65	22	1	1	50 00 90 FF 71 00 42 00 
2561	-66	23	1	1	A0 00 90 C5 29 00 56 CE 
2561	-57	24	1	1	80 00 90 2B 69 00 D5 3A 
2561	-69	25	1	1	E0 00 90 80 01 00 45 CC 
2561	-55	26	1	1	50 00 90 FF 71 00 42 00 
2561	-59	27	1	1	60 00 90 FF C1 00 73 81 
2561	-64	28	1	1	80 01 90 2B 69 00 7F 6B 
2562	-72	29	1	1	E0 00 90 80 01 00 45 CC 
2562	-55	30	1	1	50 00 90 FF 71 00 42 00 
2561	-58	31	1	1	40 00 90 FF C1 00 46 89 
2561	-65	32	1	1	80 00 90 2B 69 00 D5 3A 
2561	-58	33	1	1	E0 00 90 80 01 00 45 CC 
RxTime	RSSI	chan	crc err	ID	packet
2561	-58	34	1	1	50 00 90 FF 71 00 42 00 
2550	-65	35	1	1	90 00 90 04 01 5C 7C B3 
2561	-66	36	1	1	80 00 90 2B 69 00 D5 3A 
2561	-65	37	1	1	E0 00 90 80 01 00 45 CC 
2561	-56	38	1	1	50 00 90 FF 71 00 42 00 
2561	-55	39	1	1	A0 00 90 C0 29 00 BD 3E 
2562	-60	40	1	1	80 00 90 2B 69 00 D5 3A 
2561	-55	41	1	1	E0 00 90 80 01 00 45 CC 
2561	-63	42	1	1	50 00 90 FF 71 00 42 00 
2561	-57	43	1	1	A0 00 90 C0 29 00 BD 3E 
2561	-56	44	1	1	80 00 90 2B 69 00 D5 3A 
2563	-63	45	1	1	E0 00 90 80 01 00 45 CC 
2561	-56	46	1	1	50 00 90 FF 71 00 42 00 
2561	-64	47	1	1	60 00 90 FF C1 00 73 81 
2561	-56	48	1	1	80 00 90 2B 69 00 D5 3A 
Got CRC error. 03 5D 17 5F 1D 7E 21 6D    Seconds since last error: 279    Minutes running: 8.56

5124	-68	50	2	1	50 00 90 FF 71 00 42 00 
2561	-58	0	2	1	40 00 90 FF C1 00 46 89 
2561	-55	1	2	1	80 00 90 2B 69 00 D5 3A 
2561	-57	2	2	1	E0 00 90 80 01 00 45 CC 
2561	-64	3	2	1	50 00 90 FF 71 00 42 00 
2562	-56	4	2	1	90 00 90 04 01 6C 4A E0 
2561	-56	5	2	1	80 00 90 2B 69 00 D5 3A 
RxTime	RSSI	chan	crc err	ID	packet
2561	-71	6	2	1	E0 00 91 80 01 00 33 78 
2549	-62	7	2	1	50 00 91 FF 73 00 52 D6 
2561	-57	8	2	1	A0 00 91 C2 2B 00 C3 88 
2561	-60	9	2	1	80 00 91 2B 6B 00 C5 EC 
2562	-57	10	2	1	E0 00 92 80 01 00 A8 A4 
2561	-57	11	2	1	50 00 92 FF 71 00 AF 68 
Got CRC error. E0 01 A3 C2 28 00 FD 0B    Seconds since last error: 36    Minutes running: 9.16

5124	-63	13	3	1	80 00 A3 2B 69 00 62 0F 
2561	-56	14	3	1	E0 00 A3 80 01 00 F2 F9 
2561	-57	15	3	1	50 00 A3 FF 71 00 F5 35 
2561	-67	16	3	1	60 00 A3 FF C1 00 C4 B4 
2562	-73	17	3	1	80 00 A3 2B 69 00 62 0F 
2561	-56	18	3	1	E0 00 A3 80 01 00 F2 F9 
2561	-65	19	3	1	50 00 A3 FF 71 00 F5 35 
2561	-65	20	3	1	40 00 A3 FF C1 00 F1 BC 
2561	-64	21	3	1	80 00 A3 2B 69 00 62 0F 
2562	-65	22	3	1	E0 00 A3 80 01 00 F2 F9 
2561	-59	23	3	1	50 00 A3 FF 71 00 F5 35 
2561	-64	24	3	1	90 00 A3 04 01 7C EF E4 
2561	-58	25	3	1	80 00 A3 2B 69 00 62 0F 
2562	-63	26	3	1	E0 00 A3 80 01 00 F2 F9 
2562	-64	27	3	1	50 00 A3 FF 71 00 F5 35 
2561	-65	28	3	1	A0 00 A3 BC 29 00 A7 62 
RxTime	RSSI	chan	crc err	ID	packet
2561	-60	29	3	1	80 00 A3 2B 69 00 62 0F 
2549	-63	30	3	1	E0 00 A3 80 01 00 F2 F9 
2561	-64	31	3	1	50 00 A3 FF 71 00 F5 35 
2561	-66	32	3	1	A0 00 A3 BC 29 00 A7 62 
2561	-67	33	3	1	80 00 A3 2B 69 00 62 0F 
2561	-66	34	3	1	E0 00 A3 80 01 00 F2 F9 
2561	-64	35	3	1	50 00 A2 FF 73 00 E5 E3 
2561	-64	36	3	1	60 00 A2 FF C3 00 D4 62 
2561	-67	37	3	1	80 00 8A 2B 6B 00 C0 54 
2561	-65	38	3	1	E0 01 77 80 03 00 5C 38 
2561	-63	39	3	1	50 00 77 FF 73 00 F1 A5 
2562	-69	40	3	1	40 00 78 FF C3 00 21 C2 
2561	-70	41	3	1	80 00 7B 2B 6B 00 29 AD 
2561	-68	42	3	1	E0 00 7B 80 03 00 B9 5B 
Got CRC error. EA FE 2C ED 2E C4 5F B3    Seconds since last error: 78    Minutes running: 10.47

69190	-63	18	4	1	80 00 6F 2B 69 00 9E 99 
2561	-62	19	4	1	E0 00 79 80 01 00 32 51 
2562	-64	20	4	1	50 02 70 FF 73 00 E4 0B 
2561	-64	21	4	1	A0 02 6D C2 29 00 31 16 
2561	-66	22	4	1	80 03 6D 2B 68 00 AE 12 
2562	-64	23	4	1	E0 04 6C 80 03 00 7A D7 
2561	-63	24	4	1	50 04 6F FF 73 00 E6 C7 
2562	-59	25	4	1	60 03 6F FF C3 00 B0 92 
RxTime	RSSI	chan	crc err	ID	packet
2562	-66	26	4	1	80 02 70 2B 69 00 15 53 
2550	-68	27	4	1	E0 01 70 80 01 00 6B 77 
2561	-64	28	4	1	50 00 70 FF 71 00 C6 EA 
2561	-59	29	4	1	40 00 70 FF C1 00 C2 63 
2561	-63	30	4	1	80 00 70 2B 69 00 51 D0 
2561	-63	31	4	1	E0 00 70 80 01 00 C1 26 
2561	-62	32	4	1	50 00 70 FF 71 00 C6 EA 
2562	-64	33	4	1	90 00 70 04 01 07 13 C7 
2561	-68	34	4	1	80 00 70 2B 79 00 52 A3 
2561	-66	35	4	1	E0 00 70 80 01 00 C1 26 
2561	-61	36	4	1	50 00 70 FF 71 00 C6 EA 
2561	-65	37	4	1	A0 00 70 C5 29 00 D2 24 
2562	-64	38	4	1	80 00 70 2B 79 00 52 A3 
2561	-63	39	4	1	E0 00 70 80 01 00 C1 26 
2561	-63	40	4	1	50 00 70 FF 71 00 C6 EA 
2561	-64	41	4	1	A0 00 70 C5 29 00 D2 24 
2561	-60	42	4	1	80 00 70 2B 69 00 51 D0 
Got CRC error. C8 26 B8 F9 72 3A 2F FD    Seconds since last error: 131    Minutes running: 12.66

69190	-74	18	5	1	40 03 82 FF C1 00 5E 94 
2561	-60	19	5	1	80 03 7E 2B 7B 00 78 49 
2561	-65	20	5	1	E0 06 87 80 01 00 C2 C3 
2561	-85	21	5	1	50 06 89 FF 71 00 67 55 
2561	-72	22	5	1	90 05 9D 06 03 09 64 30 
RxTime	RSSI	chan	crc err	ID	packet
2561	-69	23	5	1	80 04 96 2B 7B 00 1E B4 
2549	-76	24	5	1	E0 03 7C 80 01 00 60 C6 
2561	-60	25	5	1	50 05 B8 FF 71 00 D3 DA 
2562	-74	26	5	1	A0 04 95 C9 28 00 25 DD 
2561	-65	27	5	1	80 03 97 2B 79 00 69 B6 
2561	-70	28	5	1	E0 01 97 80 01 00 BE B0 
2561	-62	29	5	1	50 00 97 FF 71 00 13 2D 
2561	-69	30	5	1	A0 00 97 C9 29 00 72 82 
2561	-74	31	5	1	80 00 97 2B 79 00 87 64 
2561	-68	32	5	1	E0 00 97 80 01 00 14 E1 
2561	-69	33	5	1	50 00 97 FF 71 00 13 2D 
2561	-72	34	5	1	60 00 94 FF C3 00 DF 12 
2561	-67	35	5	1	80 00 94 2B 7B 00 7A DA 
2561	-66	36	5	1	E0 00 94 80 03 00 E9 5F 
2561	-68	37	5	1	50 00 7E FF 73 00 02 D2 
2561	-68	38	5	1	40 03 84 FF C3 00 1F 6F 
2562	-72	39	5	1	80 05 6C 2B 79 00 25 61 
2561	-72	40	5	1	E0 05 6E 80 00 00 68 BD 
2561	-70	41	5	1	50 04 71 FF 71 00 39 58 
2561	-69	42	5	1	90 03 76 06 00 19 74 22 
2561	-74	43	5	1	80 01 76 2B 79 00 DF 6B 
2562	-66	44	5	1	E0 00 76 80 01 00 E6 BF 
RxTime	RSSI	chan	crc err	ID	packet
2562	-72	45	5	1	50 00 76 FF 71 00 E1 73 
2550	-66	46	5	1	A0 00 76 C0 29 00 1E 4D 
2561	-69	47	5	1	80 00 76 2B 69 00 76 49 
2561	-69	48	5	1	E0 00 76 80 01 00 E6 BF 
2561	-73	49	5	1	50 00 76 FF 71 00 E1 73 
2561	-66	50	5	1	A0 00 76 C0 29 00 1E 4D 
2561	-66	0	5	1	80 00 76 2B 79 00 75 3A 
2562	-64	1	5	1	E0 00 76 80 03 00 80 DD 
2561	-68	2	5	1	50 01 8F FF 73 00 41 7A 
2561	-70	3	5	1	60 00 9C FF C1 00 3C B3 
2561	-71	4	5	1	80 00 9C 2B 79 00 99 7B 
2561	-68	5	5	1	E0 00 9C 80 01 00 0A FE 
2562	-63	6	5	1	50 00 9C FF 71 00 0D 32 
2561	-67	7	5	1	40 00 9C FF C3 00 6F D9 
2561	-65	8	5	1	80 00 9C 2B 69 00 9A 08 
2561	-64	9	5	1	E0 00 9C 80 01 00 0A FE 
2561	-68	10	5	1	50 00 9C FF 71 00 0D 32 
2561	-59	11	5	1	90 00 9C 06 01 29 73 D3 
2561	-68	12	5	1	80 00 9C 2B 69 00 9A 08 
2561	-64	13	5	1	E0 00 8F 80 03 00 EC E7 
2562	-65	14	5	1	50 00 8F FF 73 00 EB 2B 
2561	-63	15	5	1	A0 00 8F C1 2B 00 23 25 
RxTime	RSSI	chan	crc err	ID	packet
2561	-70	16	5	1	80 00 8F 2B 6B 00 7C 11 
2549	-71	17	5	1	E0 00 8F 80 03 00 EC E7 
2561	-64	18	5	1	50 00 8F FF 73 00 EB 2B 
2562	-66	19	5	1	A0 00 8F C1 2B 00 23 25 
2561	-71	20	5	1	80 00 8E 2B 6B 00 0A A5 
2561	-65	21	5	1	E0 00 8E 80 03 00 9A 53 
2561	-81	22	5	1	50 00 8E FF 73 00 9D 9F 
2561	-74	23	5	1	60 00 8E FF C3 00 AC 1E 
2561	-67	24	5	1	80 00 8E 2B 6B 00 0A A5 
2561	-71	25	5	1	E0 00 8E 80 03 00 9A 53 
2561	-64	26	5	1	50 00 8E FF 73 00 9D 9F 
2562	-84	27	5	1	40 00 8E FF C3 00 99 16 
2561	-77	28	5	1	80 00 8E 2B 6B 00 0A A5 
2561	-65	29	5	1	E0 00 8E 80 03 00 9A 53 
2561	-59	30	5	1	50 00 8E FF 71 00 FB FD 
2561	-68	31	5	1	90 00 8E 06 03 39 F1 4F 
2563	-72	32	5	1	80 00 99 2B 69 00 26 4D 
2561	-73	33	5	1	E0 00 9A 80 03 00 4B 05 
2561	-65	34	5	1	50 00 9A FF 73 00 4C C9 
2561	-69	35	5	1	A0 00 9A B7 2B 00 EE 6F 
2561	-60	36	5	1	80 00 9A 2B 6B 00 DB F3 
2561	-75	37	5	1	E0 00 9A 80 03 00 4B 05 
RxTime	RSSI	chan	crc err	ID	packet
2562	-65	38	5	1	50 00 97 FF 73 00 75 4F 
2549	-64	39	5	1	A0 00 87 B7 2B 00 CC 4E 
2562	-67	40	5	1	80 00 8B 2B 69 00 D0 82 
2561	-63	41	5	1	E0 00 8B 80 01 00 40 74 
2561	-64	42	5	1	50 00 8B FF 71 00 47 B8 
Got CRC error. DE D7 5C 63 27 34 67 79    Seconds since last error: 261    Minutes running: 17.01

69191	-63	18	6	1	E0 00 8B 80 01 00 40 74 
2561	-60	19	6	1	50 00 8B FF 71 00 47 B8 
2561	-65	20	6	1	90 00 8B 06 01 59 47 CE 
2561	-64	21	6	1	80 00 8B 2B 69 00 D0 82 
2561	-69	22	6	1	E0 00 8B 80 01 00 40 74 
2562	-64	23	6	1	50 00 8B FF 71 00 47 B8 
2561	-68	24	6	1	A0 00 8B BF 29 00 4C BF 
2561	-59	25	6	1	80 00 8B 2B 69 00 D0 82 
2561	-65	26	6	1	E0 00 8B 80 01 00 40 74 
2561	-72	27	6	1	50 00 8B FF 71 00 47 B8 
2562	-68	28	6	1	A0 00 8B BF 29 00 4C BF 
2562	-59	29	6	1	80 00 8B 2B 69 00 D0 82 
2561	-64	30	6	1	E0 00 8B 80 01 00 40 74 
2561	-67	31	6	1	50 00 8B FF 71 00 47 B8 
Got CRC error. C1 00 2E FE 0F 06 70 97    Seconds since last error: 103    Minutes running: 18.73

5124	-70	33	7	1	80 00 8B 2B 69 00 D0 82 
2561	-61	34	7	1	E0 00 8B 80 01 00 40 74 
2561	-68	35	7	1	50 00 8B FF 71 00 47 B8 
RxTime	RSSI	chan	crc err	ID	packet
2562	-64	36	7	1	40 00 8B FF C1 00 43 31 
2549	-69	37	7	1	80 00 8B 2B 69 00 D0 82 
2561	-67	38	7	1	E0 00 8B 80 01 00 40 74 
2561	-65	39	7	1	50 00 8B FF 71 00 47 B8 
2561	-66	40	7	1	90 00 8B 06 01 69 71 9D 
2562	-64	41	7	1	80 00 8B 2B 69 00 D0 82 
2561	-67	42	7	1	E0 00 8B 80 01 00 40 74 
Got CRC error. 00 BB 6F 66 81 F9 3E 97    Seconds since last error: 26    Minutes running: 19.18

69191	-65	18	8	1	80 00 8B 2B 69 00 D0 82 
2561	-62	19	8	1	E0 00 8B 80 01 00 40 74 
2561	-68	20	8	1	50 00 8B FF 71 00 47 B8 
2561	-65	21	8	1	60 00 8B FF C1 00 76 39 
2561	-73	22	8	1	80 00 8B 2B 69 00 D0 82 
2561	-68	23	8	1	E0 00 8B 80 01 00 40 74 
2562	-69	24	8	1	50 00 8B FF 71 00 47 B8 
2561	-59	25	8	1	40 00 8B FF C1 00 43 31 
2561	-69	26	8	1	80 00 8B 2B 69 00 D0 82 
2561	-71	27	8	1	E0 00 8B 80 01 00 40 74 
2561	-68	28	8	1	50 00 8B FF 71 00 47 B8 
2562	-62	29	8	1	90 00 8B 06 01 89 8C B3 
2561	-67	30	8	1	80 00 8B 2B 69 00 D0 82 
2561	-69	31	8	1	E0 00 8B 80 01 00 40 74 
2561	-68	32	8	1	50 00 8B FF 71 00 47 B8 
RxTime	RSSI	chan	crc err	ID	packet
2561	-71	33	8	1	A0 00 8B D1 29 00 CC D5 
2550	-66	34	8	1	80 00 8B 2B 69 00 D0 82 
2561	-71	35	8	1	E0 00 8B 80 01 00 40 74 
2561	-62	36	8	1	50 00 8B FF 71 00 47 B8 
2562	-67	37	8	1	A0 00 8B D1 29 00 CC D5 
2561	-68	38	8	1	80 00 8B 2B 69 00 D0 82 
2561	-69	39	8	1	E0 00 8B 80 01 00 40 74 
2561	-69	40	8	1	50 00 8B FF 71 00 47 B8 
2561	-65	41	8	1	60 00 8B FF C1 00 76 39 
2563	-64	42	8	1	80 00 8B 2B 69 00 D0 82 
Got CRC error. FC 2A 05 70 50 D2 2F 4D    Seconds since last error: 131    Minutes running: 21.36

69190	-65	18	9	1	90 00 8B 05 01 97 26 1C 
2561	-64	19	9	1	80 00 8B 2B 69 00 D0 82 
2561	-69	20	9	1	E0 00 8B 80 01 00 40 74 
2561	-65	21	9	1	50 00 8B FF 71 00 47 B8 
2561	-71	22	9	1	A0 00 8B CD 29 00 FA D7 
2561	-67	23	9	1	80 00 8B 2B 69 00 D0 82 
2561	-67	24	9	1	E0 00 8B 80 01 00 40 74 
2562	-64	25	9	1	50 00 8B FF 71 00 47 B8 
2561	-63	26	9	1	A0 00 8B CD 29 00 FA D7 
2561	-68	27	9	1	80 00 8B 2B 69 00 D0 82 
2561	-68	28	9	1	E0 00 8B 80 01 00 40 74 
2561	-66	29	9	1	50 00 8B FF 71 00 47 B8 
RxTime	RSSI	chan	crc err	ID	packet
2562	-64	30	9	1	60 00 8B FF C1 00 76 39 
2549	-64	31	9	1	80 00 8B 2B 69 00 D0 82 
2561	-70	32	9	1	E0 00 8B 80 01 00 40 74 
2561	-70	33	9	1	50 00 8B FF 71 00 47 B8 
2561	-65	34	9	1	40 00 8B FF C1 00 43 31 
2561	-71	35	9	1	80 00 8B 2B 59 00 D5 17 
2561	-65	36	9	1	E0 00 8B 80 01 00 40 74 
2561	-66	37	9	1	50 00 8B FF 71 00 47 B8 
2562	-65	38	9	1	90 00 8B 01 01 99 1B 12 
2561	-67	39	9	1	80 00 8B 2B 69 00 D0 82 
2561	-69	40	9	1	E0 00 8B 80 01 00 40 74 
2561	-67	41	9	1	50 00 8B FF 71 00 47 B8 
2561	-69	42	9	1	A0 00 8B D3 29 00 A2 B5 
Got CRC error. 65 B6 9A 3B FB 39 F4 C6    Seconds since last error: 131    Minutes running: 23.56

5124	-69	44	10	1	E0 00 8B 80 01 00 40 74 
2561	-72	45	10	1	50 00 8B FF 71 00 47 B8 
2561	-65	46	10	1	A0 00 8B D3 29 00 A2 B5 
2561	-73	47	10	1	80 00 8B 2B 59 00 D5 17 
2561	-67	48	10	1	E0 00 8B 80 01 00 40 74 
2561	-71	49	10	1	50 00 8B FF 71 00 47 B8 
2561	-65	50	10	1	60 00 8B FF C1 00 76 39 
2561	-67	0	10	1	80 00 8B 2B 59 00 D5 17 
2561	-68	1	10	1	E0 00 8B 80 01 00 40 74 
RxTime	RSSI	chan	crc err	ID	packet
2561	-70	2	10	1	50 00 8B FF 71 00 47 B8 
2548	-66	3	10	1	40 00 8B FF C1 00 43 31 
2561	-71	4	10	1	80 00 8B 2B 59 00 D5 17 
2562	-67	5	10	1	E0 00 8B 80 01 00 40 74 
2561	-62	6	10	1	50 00 8B FF 71 00 47 B8 
2561	-71	7	10	1	90 00 8B 00 01 09 AF 9B 
2561	-68	8	10	1	80 00 8B 2B 59 00 D5 17 
2561	-67	9	10	1	E0 00 8B 80 01 00 40 74 
2562	-74	10	10	1	50 00 8B FF 71 00 47 B8 
2561	-67	11	10	1	A0 00 8B CC 29 00 CD E7 
2561	-71	12	10	1	80 00 8B 2B 59 00 D5 17 
2562	-61	13	10	1	E0 00 8B 80 01 00 40 74 
2561	-67	14	10	1	50 00 8B FF 71 00 47 B8 
2561	-66	15	10	1	A0 00 8B CC 29 00 CD E7 
2561	-74	16	10	1	80 00 8B 2B 59 00 D5 17 
2561	-67	17	10	1	E0 00 8B 80 01 00 40 74 
2562	-69	18	10	1	50 00 8B FF 71 00 47 B8 
2561	-59	19	10	1	60 00 8B FF C1 00 76 39 
Got CRC error. 13 B5 6F E7 70 65 06 3A    Seconds since last error: 69    Minutes running: 24.71

69190	-64	46	11	1	50 00 8B FF 71 00 47 B8 
2561	-68	47	11	1	90 00 8B 00 01 09 AF 9B 
2561	-67	48	11	1	80 00 8B 2B 49 00 D6 64 
2561	-71	49	11	1	E0 00 8B 80 01 00 40 74 
RxTime	RSSI	chan	crc err	ID	packet
2562	-64	50	11	1	50 00 8B FF 71 00 47 B8 
2547	-66	0	11	1	A0 00 8B D2 29 00 95 85 
2561	-65	1	11	1	80 00 8B 2B 49 00 D6 64 
2561	-68	2	11	1	E0 00 8B 80 01 00 40 74 
2561	-68	3	11	1	50 00 8B FF 71 00 47 B8 
2561	-72	4	11	1	A0 00 8B D2 29 00 95 85 
2561	-65	5	11	1	80 00 8B 2B 49 00 D6 64 
2562	-61	6	11	1	E0 00 8B 80 01 00 40 74 
2561	-68	7	11	1	50 00 8B FF 71 00 47 B8 
2561	-65	8	11	1	60 00 8B FF C1 00 76 39 
2561	-68	9	11	1	80 00 8B 2B 49 00 D6 64 
2561	-68	10	11	1	E0 00 8B 80 01 00 40 74 
2561	-67	11	11	1	50 00 8B FF 71 00 47 B8 
2561	-69	12	11	1	40 00 8B FF C1 00 43 31 
2561	-64	13	11	1	80 00 8B 2B 49 00 D6 64 
2562	-66	14	11	1	E0 00 8B 80 01 00 40 74 
2561	-66	15	11	1	50 00 8B FF 71 00 47 B8 
2562	-73	16	11	1	90 00 8B 00 01 09 AF 9B 
2561	-67	17	11	1	80 00 8B 2B 49 00 D6 64 
2561	-67	18	11	1	E0 00 8B 80 01 00 40 74 
2562	-62	19	11	1	50 00 8B FF 71 00 47 B8 
2561	-68	20	11	1	A0 00 8B D6 29 00 49 45 
RxTime	RSSI	chan	crc err	ID	packet
2561	-67	21	11	1	80 00 8B 2B 49 00 D6 64 
2548	-73	22	11	1	E0 00 8B 80 01 00 40 74 
2561	-67	23	11	1	50 00 8B FF 71 00 47 B8 
2561	-69	24	11	1	A0 00 8B D6 29 00 49 45 
2561	-64	25	11	1	80 00 8B 2B 49 00 D6 64 
2561	-66	26	11	1	E0 00 8B 80 01 00 40 74 
2562	-70	27	11	1	50 00 8B FF 71 00 47 B8 
2561	-69	28	11	1	60 00 8B FF C1 00 76 39 
2561	-67	29	11	1	80 00 8B 2B 49 00 D6 64 
2561	-66	30	11	1	E0 01 8B 80 00 00 D9 14 
2561	-70	31	11	1	50 00 8B FF 70 00 74 89 
2562	-71	32	11	1	40 00 8B FF C0 00 70 00 
2561	-75	33	11	1	80 00 83 2B 49 00 53 A7 
2561	-73	34	11	1	E0 02 6B 80 03 00 E6 7F 
2561	-74	35	11	1	50 05 68 FF 71 00 7B D9 
2561	-64	36	11	1	90 06 86 06 01 08 F9 19 
2561	-71	37	11	1	80 04 77 2B 49 00 8F 1D 
2561	-71	38	11	1	E0 04 6D 80 03 00 0C 63 
2561	-69	39	11	1	50 03 70 FF 72 00 7D 6B 
2562	-72	40	11	1	A0 01 7A D2 29 00 D6 2D 
2561	-68	41	11	1	80 00 7A 2B 49 00 3F 9D 
2561	-63	42	11	1	E0 00 7A 80 01 00 A9 8D 
Got CRC error. 1E E0 8F D5 C9 C0 30 F7    Seconds since last error: 189    Minutes running: 27.88

RxTime	RSSI	chan	crc err	ID	packet
69192	-64	18	12	1	80 00 7A 2B 39 00 37 C4 
2547	-59	19	12	1	E0 00 7A 80 01 00 A9 8D 
2562	-68	20	12	1	50 00 7A FF 71 00 AE 41 
2561	-64	21	12	1	40 00 7A FF C1 00 AA C8 
2561	-74	22	12	1	80 00 7A 2B 29 00 34 B7 
2561	-60	23	12	1	E0 00 7A 80 01 00 A9 8D 
2561	-65	24	12	1	50 00 7A FF 71 00 AE 41 
2561	-61	25	12	1	90 00 7A 06 01 28 C0 81 
2561	-66	26	12	1	80 00 7A 2B 29 00 34 B7 
2561	-66	27	12	1	E0 00 7A 80 01 00 A9 8D 
2562	-75	28	12	1	50 00 7A FF 71 00 AE 41 
2562	-62	29	12	1	A0 00 7A D4 29 00 CE DC 
2561	-66	30	12	1	80 00 7A 2B 29 00 34 B7 
2561	-67	31	12	1	E0 00 7A 80 01 00 A9 8D 
2561	-68	32	12	1	50 00 7A FF 71 00 AE 41 
2561	-63	33	12	1	A0 00 7A D4 29 00 CE DC 
2561	-60	34	12	1	80 00 7A 2B 29 00 34 B7 
2561	-66	35	12	1	E0 00 7A 80 01 00 A9 8D 
2561	-61	36	12	1	50 00 7A FF 71 00 AE 41 
2561	-65	37	12	1	60 00 7A FF C1 00 9F C0 
2561	-60	38	12	1	80 00 7A 2B 29 00 34 B7 
2561	-63	39	12	1	E0 00 7A 80 01 00 A9 8D 
RxTime	RSSI	chan	crc err	ID	packet
2561	-66	40	12	1	50 00 7A FF 71 00 AE 41 
2548	-60	41	12	1	40 00 7A FF C1 00 AA C8 
2561	-65	42	12	1	80 00 7A 2B 29 00 34 B7 
Got CRC error. AE CE F3 7C E5 9E 40 E5    Seconds since last error: 131    Minutes running: 30.07

Got CRC error. 40 66 9E 8C 12 AF E8 A8    Seconds since last error: 12    Minutes running: 30.28

17937	-64	49	14	1	A0 00 7A DB 29 00 E2 ED 
2561	-60	50	14	1	80 00 7A 2B 29 00 34 B7 
2561	-63	0	14	1	E0 00 7A 80 01 00 A9 8D 
2561	-62	1	14	1	50 00 7A FF 71 00 AE 41 
2561	-66	2	14	1	A0 00 7A DB 29 00 E2 ED 
2562	-68	3	14	1	80 00 7A 2B 29 00 34 B7 
2561	-68	4	14	1	E0 00 7A 80 01 00 A9 8D 
2561	-62	5	14	1	50 00 7A FF 71 00 AE 41 
2561	-63	6	14	1	60 00 7A FF C1 00 9F C0 
2561	-67	7	14	1	80 00 7A 2B 19 00 31 22 
2561	-59	8	14	1	E0 00 7A 80 01 00 A9 8D 
2561	-69	9	14	1	50 00 7A FF 71 00 AE 41 
2561	-65	10	14	1	40 00 7A FF C1 00 AA C8 
2561	-58	11	14	1	80 00 7A 2B 19 00 31 22 
2561	-68	12	14	1	E0 00 7A 80 01 00 A9 8D 
2561	-66	13	14	1	50 00 7A FF 71 00 AE 41 
2561	-62	14	14	1	90 00 7A 06 01 48 AC 27 
2561	-59	15	14	1	80 00 7A 2B 19 00 31 22 
2562	-67	16	14	1	E0 00 7A 80 01 00 A9 8D 
RxTime	RSSI	chan	crc err	ID	packet
2561	-67	17	14	1	50 00 7A FF 71 00 AE 41 
2549	-60	18	14	1	A0 00 7A E0 29 00 D7 B9 
2561	-62	19	14	1	80 00 7A 2B 19 00 31 22 
2561	-64	20	14	1	E0 01 7B 80 03 00 13 0A 
2562	-58	21	14	1	50 00 7B FF 73 00 BE 97 
2561	-65	22	14	1	A0 00 7B E0 2B 00 C7 6F 
2561	-62	23	14	1	80 00 7B 2B 1B 00 21 F4 
2561	-62	24	14	1	E0 00 7B 80 03 00 B9 5B 
2561	-59	25	14	1	50 00 7B FF 73 00 BE 97 
2561	-60	26	14	1	60 00 7B FF C3 00 8F 16 
2561	-67	27	14	1	80 00 7B 2B 1B 00 21 F4 
2561	-68	28	14	1	E0 00 7B 80 03 00 B9 5B 
2562	-62	29	14	1	50 00 7B FF 73 00 BE 97 
2561	-58	30	14	1	40 00 7B FF C3 00 BA 1E 
2561	-60	31	14	1	80 00 7B 2B 1B 00 21 F4 
2561	-66	32	14	1	E0 00 7B 80 03 00 B9 5B 
2561	-65	33	14	1	50 00 7B FF 73 00 BE 97 
2561	-58	34	14	1	90 00 7B 06 03 58 AE C0 
2561	-65	35	14	1	80 00 7B 2B 1B 00 21 F4 
2561	-64	36	14	1	E0 00 7B 80 03 00 B9 5B 
2561	-63	37	14	1	50 00 7B FF 73 00 BE 97 
2561	-58	38	14	1	A0 00 7B DA 2B 00 C5 0B 
RxTime	RSSI	chan	crc err	ID	packet
2561	-60	39	14	1	80 00 7B 2B 0B 00 22 87 
2547	-68	40	14	1	E0 00 7B 80 03 00 B9 5B 
2561	-57	41	14	1	50 00 7B FF 73 00 BE 97 
2563	-64	42	14	1	A0 00 7B DA 2B 00 C5 0B 
2561	-67	43	14	1	80 00 7B 2B 0B 00 22 87 
2561	-63	44	14	1	E0 00 7B 80 03 00 B9 5B 
2561	-64	45	14	1	50 00 7B FF 73 00 BE 97 
2561	-59	46	14	1	60 00 7B FF C3 00 8F 16 
2561	-65	47	14	1	80 00 7B 2B 0B 00 22 87 
2561	-61	48	14	1	E0 00 7B 80 03 00 B9 5B 
2561	-68	49	14	1	50 00 7B FF 73 00 BE 97 
2561	-63	50	14	1	40 00 7B FF C3 00 BA 1E 
2561	-63	0	14	1	80 00 7B 2B 0B 00 22 87 
2561	-61	1	14	1	E0 00 7B 80 03 00 B9 5B 
2561	-62	2	14	1	50 00 7B FF 73 00 BE 97 
2561	-67	3	14	1	90 00 7B 06 03 68 98 93 
2562	-72	4	14	1	80 00 7B 2B 0B 00 22 87 
2561	-63	5	14	1	E0 00 7B 80 03 00 B9 5B 
2561	-60	6	14	1	50 00 7B FF 73 00 BE 97 
2561	-64	7	14	1	A0 00 7B E5 2B 00 2C 9F 
2561	-59	8	14	1	80 00 7B 2B 0B 00 22 87 
2562	-67	9	14	1	E0 00 7B 80 03 00 B9 5B 
RxTime	RSSI	chan	crc err	ID	packet
2562	-64	10	14	1	50 00 7B FF 73 00 BE 97 
2548	-58	11	14	1	A0 00 7B E5 2B 00 2C 9F 
2561	-64	12	14	1	80 00 7B 2B 0B 00 22 87 
2561	-65	13	14	1	E0 00 7B 80 03 00 B9 5B 
2561	-59	14	14	1	50 00 7B FF 73 00 BE 97 
2561	-58	15	14	1	60 00 7B FF C3 00 8F 16 
2561	-65	16	14	1	80 00 7B 2B 0B 00 22 87 
2562	-64	17	14	1	E0 00 7B 80 03 00 B9 5B 
2561	-59	18	14	1	50 00 7B FF 73 00 BE 97 
2561	-60	19	14	1	40 00 7B FF C3 00 BA 1E 
2561	-63	20	14	1	80 00 7B 2B 0B 00 22 87 
2561	-59	21	14	1	E0 00 7B 80 03 00 B9 5B 
2561	-65	22	14	1	50 00 7B FF 73 00 BE 97 
2561	-65	23	14	1	90 00 7B 06 03 78 8A A2 
2561	-59	24	14	1	80 00 7B 2B 0B 00 22 87 
2561	-67	25	14	1	E0 00 7B 80 03 00 B9 5B 
2561	-57	26	14	1	50 00 7B FF 73 00 BE 97 
2561	-69	27	14	1	A0 00 7B D9 2B 00 9C 5B 
2561	-68	28	14	1	80 00 7B 2A FB 00 06 76 
2561	-66	29	14	1	E0 00 7B 80 03 00 B9 5B 
2562	-57	30	14	1	50 00 7B FF 73 00 BE 97 
2561	-62	31	14	1	A0 00 7B D9 2B 00 9C 5B 
RxTime	RSSI	chan	crc err	ID	packet
2561	-68	32	14	1	80 00 7B 2A FB 00 06 76 
2548	-71	33	14	1	E0 00 7B 80 03 00 B9 5B 
2561	-58	34	14	1	50 00 7B FF 73 00 BE 97 
2561	-70	35	14	1	60 00 7B FF C3 00 8F 16 
2561	-64	36	14	1	80 00 7B 2B 0B 00 22 87 
2561	-68	37	14	1	E0 00 7B 80 03 00 B9 5B 
2561	-59	38	14	1	50 00 7B FF 73 00 BE 97 
2561	-63	39	14	1	40 00 7B FF C3 00 BA 1E 
2561	-69	40	14	1	80 00 7B 2A FB 00 06 76 
2561	-61	41	14	1	E0 00 7B 80 03 00 B9 5B 
2561	-62	42	14	1	50 00 7B FF 73 00 BE 97 
Got CRC error. 3D 2E FB FD B8 98 27 47    Seconds since last error: 248    Minutes running: 34.42

69191	-65	18	15	1	E0 00 7B 80 03 00 B9 5B 
2561	-59	19	15	1	50 00 7B FF 73 00 BE 97 
2561	-64	20	15	1	A0 00 7B E0 2B 00 C7 6F 
2561	-58	21	15	1	80 00 7B 2A EB 00 05 05 
2561	-69	22	15	1	E0 00 7B 80 03 00 B9 5B 
2561	-63	23	15	1	50 00 7B FF 73 00 BE 97 
2561	-64	24	15	1	60 00 7B FF C3 00 8F 16 
2561	-62	25	15	1	80 00 7B 2A FB 00 06 76 
2561	-60	26	15	1	E0 00 7B 80 03 00 B9 5B 
2561	-68	27	15	1	50 00 7B FF 73 00 BE 97 
2561	-66	28	15	1	40 00 7B FF C3 00 BA 1E 
RxTime	RSSI	chan	crc err	ID	packet
2562	-62	29	15	1	80 00 7B 2A EB 00 05 05 
2548	-61	30	15	1	E0 00 7B 80 03 00 B9 5B 
2562	-62	31	15	1	50 00 7B FF 73 00 BE 97 
2561	-64	32	15	1	90 00 7B 04 03 97 E8 03 
2561	-68	33	15	1	80 00 7B 2A EB 00 05 05 
2561	-63	34	15	1	E0 00 7B 80 03 00 B9 5B 
2561	-63	35	15	1	50 00 7B FF 73 00 BE 97 
2561	-60	36	15	1	A0 00 7B DF 2B 00 2E FB 
2561	-64	37	15	1	80 00 7B 2A EB 00 05 05 
2561	-65	38	15	1	E0 00 7B 80 03 00 B9 5B 
2561	-62	39	15	1	50 00 7B FF 73 00 BE 97 
2561	-64	40	15	1	A0 00 7B DF 2B 00 2E FB 
2561	-58	41	15	1	80 00 7B 2A EB 00 05 05 
2561	-65	42	15	1	E0 00 7B 80 03 00 B9 5B 
2561	-67	43	15	1	50 00 7B FF 73 00 BE 97 
2562	-63	44	15	1	60 00 7B FF C3 00 8F 16 
2561	-66	45	15	1	80 00 7B 2A EB 00 05 05 
2561	-61	46	15	1	E0 00 7B 80 03 00 B9 5B 
2561	-63	47	15	1	50 00 7B FF 73 00 BE 97 
2561	-63	48	15	1	40 00 7B FF C3 00 BA 1E 
2561	-66	49	15	1	80 00 7B 2A EB 00 05 05 
2561	-62	50	15	1	E0 00 7B 80 03 00 B9 5B 
RxTime	RSSI	chan	crc err	ID	packet
2562	-61	0	15	1	50 00 7B FF 73 00 BE 97 
2549	-58	1	15	1	90 00 7B 01 03 68 1D 03 
2561	-63	2	15	1	80 00 7B 2A EB 00 05 05 
2562	-66	3	15	1	E0 00 7B 80 03 00 B9 5B 
2561	-68	4	15	1	50 00 7B FF 73 00 BE 97 
2561	-58	5	15	1	A0 00 7B DF 2B 00 2E FB 
2562	-58	6	15	1	80 00 7B 2A EB 00 05 05 
2561	-68	7	15	1	E0 00 7B 80 03 00 B9 5B 
2561	-66	8	15	1	50 00 7B FF 73 00 BE 97 
2561	-64	9	15	1	A0 00 7B DF 2B 00 2E FB 
2561	-67	10	15	1	80 00 7B 2A EB 00 05 05 
2562	-65	11	15	1	E0 00 7B 80 03 00 B9 5B 
2561	-65	12	15	1	50 00 7B FF 73 00 BE 97 
2561	-60	13	15	1	60 00 7B FF C3 00 8F 16 
2561	-63	14	15	1	80 00 7B 2A EB 00 05 05 
2561	-62	15	15	1	E0 00 7B 80 03 00 B9 5B 
2562	-68	16	15	1	50 00 7B FF 73 00 BE 97 
2561	-64	17	15	1	40 00 7B FF C3 00 BA 1E 
2561	-63	18	15	1	80 00 7B 2A EB 00 05 05 
2562	-63	19	15	1	E0 00 7B 80 03 00 B9 5B 
2561	-68	20	15	1	50 01 7B FF 72 00 27 F7 
2561	-58	21	15	1	90 00 7B 01 02 08 42 94 
RxTime	RSSI	chan	crc err	ID	packet
2562	-68	22	15	1	80 00 7B 2A EA 00 36 34 
2548	-63	23	15	1	E0 00 7B 80 02 00 8A 6A 
2562	-65	24	15	1	50 00 7B FF 72 00 8D A6 
2561	-60	25	15	1	A0 00 7B E2 2A 00 9A 3E 
2561	-59	26	15	1	80 00 7B 2A EA 00 36 34 
2561	-70	27	15	1	E0 00 7B 80 02 00 8A 6A 
2561	-66	28	15	1	50 00 7B FF 72 00 8D A6 
2561	-63	29	15	1	A0 00 7B E2 2A 00 9A 3E 
2561	-58	30	15	1	80 00 7B 2A EA 00 36 34 
2561	-62	31	15	1	E0 00 7B 80 02 00 8A 6A 
2563	-66	32	15	1	50 00 7B FF 72 00 8D A6 
2561	-67	33	15	1	60 00 7B FF C2 00 BC 27 
2561	-59	34	15	1	80 00 7B 2A EA 00 36 34 
2561	-69	35	15	1	E0 00 7B 80 02 00 8A 6A 
2561	-67	36	15	1	50 00 7B FF 72 00 8D A6 
2561	-65	37	15	1	40 00 7B FF C3 00 BA 1E 
2561	-59	38	15	1	80 00 7B 2A EB 00 05 05 
2561	-66	39	15	1	E0 00 7B 80 03 00 B9 5B 
2561	-64	40	15	1	50 00 7B FF 73 00 BE 97 
2561	-57	41	15	1	90 00 7B 01 03 18 63 94 
2561	-65	42	15	1	80 00 7B 2A EB 00 05 05 
Got CRC error. B2 B0 09 B6 D6 8E AA 87    Seconds since last error: 261    Minutes running: 38.78

69191	-58	18	16	1	A0 00 7B E5 2B 00 2C 9F 
RxTime	RSSI	chan	crc err	ID	packet
2561	-62	19	16	1	80 00 7B 2A EB 00 05 05 
2548	-67	20	16	1	E0 00 7B 80 03 00 B9 5B 
2561	-55	21	16	1	50 00 7B FF 73 00 BE 97 
2561	-66	22	16	1	60 00 7B FF C3 00 8F 16 
2561	-64	23	16	1	80 00 7B 2A EB 00 05 05 
2561	-62	24	16	1	E0 00 7B 80 03 00 B9 5B 
Got CRC error. 7F C8 73 FB E5 E3 A8 BE    Seconds since last error: 84    Minutes running: 40.18

Got CRC error. EE 1E B3 0D E2 1F F8 BA    Seconds since last error: 44    Minutes running: 40.92

51252	-61	44	18	1	E0 00 7B 80 03 00 B9 5B 
2561	-66	45	18	1	50 00 7B FF 73 00 BE 97 
2562	-58	46	18	1	40 00 7B FF C3 00 BA 1E 
2561	-65	47	18	1	80 00 7B 2A DB 00 00 90 
2561	-66	48	18	1	E0 00 7B 80 03 00 B9 5B 
2561	-68	49	18	1	50 00 7B FF 73 00 BE 97 
2561	-63	50	18	1	90 00 7B 01 03 48 39 61 
2562	-63	0	18	1	80 00 7B 2A DB 00 00 90 
2561	-63	1	18	1	E0 00 7B 80 03 00 B9 5B 
2561	-64	2	18	1	50 00 7B FF 73 00 BE 97 
2561	-66	3	18	1	A0 00 7B E0 2B 00 C7 6F 
2561	-74	4	18	1	80 00 7B 2A EB 00 05 05 
2562	-66	5	18	1	E0 00 7B 80 03 00 B9 5B 
2561	-59	6	18	1	50 00 7B FF 73 00 BE 97 
2561	-68	7	18	1	A0 00 7B E0 2B 00 C7 6F 
2561	-64	8	18	1	80 00 7B 2A DB 00 00 90 
RxTime	RSSI	chan	crc err	ID	packet
2561	-70	9	18	1	E0 00 7B 80 03 00 B9 5B 
2550	-65	10	18	1	50 00 7B FF 73 00 BE 97 
2561	-59	11	18	1	60 00 7B FF C3 00 8F 16 
2561	-75	12	18	1	80 00 7B 2A DB 00 00 90 
2562	-68	13	18	1	E0 00 7B 80 03 00 B9 5B 
2561	-64	14	18	1	50 00 7B FF 73 00 BE 97 
2561	-63	15	18	1	40 00 7B FF C3 00 BA 1E 
2561	-74	16	18	1	80 00 7B 2A DB 00 00 90 
2561	-68	17	18	1	E0 00 7B 80 03 00 B9 5B 
2561	-63	18	18	1	50 00 7B FF 73 00 BE 97 
2561	-65	19	18	1	90 00 7B 01 03 58 2B 50 
2561	-64	20	18	1	80 00 7B 2A DB 00 00 90 
2562	-60	21	18	1	E0 00 7B 80 03 00 B9 5B 
2561	-65	22	18	1	50 00 7B FF 73 00 BE 97 
2561	-62	23	18	1	A0 00 7B E5 2B 00 2C 9F 
2561	-63	24	18	1	80 00 7B 2A DB 00 00 90 
2561	-64	25	18	1	E0 00 7B 80 03 00 B9 5B 
2563	-63	26	18	1	50 00 7B FF 73 00 BE 97 
2561	-67	27	18	1	A0 00 7B E5 2B 00 2C 9F 
2561	-66	28	18	1	80 00 7B 2A DB 00 00 90 
2561	-63	29	18	1	E0 00 7B 80 03 00 B9 5B 
2561	-57	30	18	1	50 00 7B FF 73 00 BE 97 
RxTime	RSSI	chan	crc err	ID	packet
2561	-64	31	18	1	60 00 7B FF C3 00 8F 16 
2548	-67	32	18	1	80 00 7B 2A DB 00 00 90 
2561	-71	33	18	1	E0 00 7B 80 03 00 B9 5B 
2561	-58	34	18	1	50 00 7B FF 73 00 BE 97 
2561	-67	35	18	1	40 00 7B FF C3 00 BA 1E 
2561	-62	36	18	1	80 00 7B 2A DB 00 00 90 
2561	-67	37	18	1	E0 00 7B 80 03 00 B9 5B 
2561	-62	38	18	1	50 00 7B FF 73 00 BE 97 
2562	-64	39	18	1	90 00 7B 01 03 68 1D 03 
2561	-67	40	18	1	80 00 7B 2A DB 00 00 90 
2561	-61	41	18	1	E0 00 7B 80 03 00 B9 5B 
2561	-64	42	18	1	50 00 7B FF 73 00 BE 97 
Got CRC error. 0A DE 1F 9C FF 00 9A 16    Seconds since last error: 132    Minutes running: 43.13

69190	-65	18	19	1	E0 00 7B 80 03 00 B9 5B 
2561	-59	19	19	1	50 00 7B FF 73 00 BE 97 
2561	-69	20	19	1	60 00 7B FF C3 00 8F 16 
2561	-60	21	19	1	80 00 7B 2A CB 00 03 E3 
2561	-75	22	19	1	E0 00 7B 80 03 00 B9 5B 
2561	-65	23	19	1	50 00 7B FF 73 00 BE 97 
2561	-66	24	19	1	40 00 7B FF C3 00 BA 1E 
2561	-63	25	19	1	80 00 7B 2A DB 00 00 90 
2561	-63	26	19	1	E0 00 7B 80 03 00 B9 5B 
2562	-74	27	19	1	50 00 7B FF 73 00 BE 97 
RxTime	RSSI	chan	crc err	ID	packet
2561	-69	28	19	1	90 00 7B 01 03 88 E0 2D 
2549	-62	29	19	1	80 00 7B 2A DB 00 00 90 
2561	-63	30	19	1	E0 00 7B 80 03 00 B9 5B 
2561	-64	31	19	1	50 00 7B FF 73 00 BE 97 
2561	-67	32	19	1	A0 00 7B EC 2B 00 B2 0E 
2561	-74	33	19	1	80 00 7B 2A CB 00 03 E3 
2561	-65	34	19	1	E0 00 7B 80 03 00 B9 5B 
2561	-68	35	19	1	50 00 7B FF 73 00 BE 97 
2561	-60	36	19	1	A0 00 7B EC 2B 00 B2 0E 
2561	-65	37	19	1	80 00 7B 2A CB 00 03 E3 
2561	-65	38	19	1	E0 00 7B 80 03 00 B9 5B 
2561	-65	39	19	1	50 00 7B FF 73 00 BE 97 
2562	-69	40	19	1	60 00 7B FF C3 00 8F 16 
2561	-59	41	19	1	80 00 7B 2A CB 00 03 E3 
2561	-67	42	19	1	E0 00 7B 80 03 00 B9 5B 
2561	-66	43	19	1	50 00 7B FF 73 00 BE 97 
2561	-60	44	19	1	40 00 7B FF C3 00 BA 1E 
2561	-66	45	19	1	80 00 7B 2A CB 00 03 E3 
2561	-59	46	19	1	E0 00 7B 80 03 00 B9 5B 
2561	-64	47	19	1	50 00 7B FF 73 00 BE 97 
2561	-59	48	19	1	90 00 7B 01 03 98 F2 1C 
2561	-67	49	19	1	80 00 7B 2A CB 00 03 E3 
RxTime	RSSI	chan	crc err	ID	packet
2561	-62	50	19	1	E0 00 7B 80 03 00 B9 5B 
Got CRC error. A1 00 EE FD 9F 03 E0 7B    Seconds since last error: 153    Minutes running: 45.68

5110	-58	1	20	1	A0 00 7B ED 2B 00 85 3E 
2562	-63	2	20	1	80 00 7B 2A CB 00 03 E3 
2561	-68	3	20	1	E0 00 7B 80 03 00 B9 5B 
2561	-65	4	20	1	50 00 7B FF 73 00 BE 97 
2561	-58	5	20	1	A0 00 7B ED 2B 00 85 3E 
2561	-59	6	20	1	80 00 7B 2A CB 00 03 E3 
2562	-67	7	20	1	E0 00 7B 80 03 00 B9 5B 
2561	-58	8	20	1	50 00 7B FF 73 00 BE 97 
2561	-65	9	20	1	60 00 7B FF C3 00 8F 16 
2561	-64	10	20	1	80 00 7B 2A CB 00 03 E3 
2561	-60	11	20	1	E0 00 7B 80 03 00 B9 5B 
Got CRC error. 70 00 7B FF 73 00 BE 97    Seconds since last error: 30    Minutes running: 46.19

5123	-64	13	21	1	40 00 7B FF C3 00 BA 1E 
2561	-60	14	21	1	80 00 7B 2A CB 00 03 E3 
2562	-61	15	21	1	E0 00 7B 80 03 00 B9 5B 
2561	-64	16	21	1	50 00 7B FF 73 00 BE 97 
2561	-63	17	21	1	90 00 7B 00 03 08 46 95 
2561	-60	18	21	1	80 00 7B 2A CB 00 03 E3 
2561	-63	19	21	1	E0 00 7B 80 03 00 B9 5B 
2562	-63	20	21	1	50 00 7B FF 73 00 BE 97 
2561	-58	21	21	1	A0 00 7B F0 2B 00 84 0C 
2561	-64	22	21	1	80 00 7B 2A CB 00 03 E3 
RxTime	RSSI	chan	crc err	ID	packet
2562	-64	23	21	1	E0 00 7B 80 03 00 B9 5B 
2548	-60	24	21	1	50 00 7B FF 73 00 BE 97 
2561	-59	25	21	1	A0 00 7B F0 2B 00 84 0C 
2561	-59	26	21	1	80 00 7B 2A CB 00 03 E3 
2561	-69	27	21	1	E0 00 7B 80 03 00 B9 5B 
2562	-63	28	21	1	50 00 7B FF 73 00 BE 97 
2561	-62	29	21	1	60 00 7B FF C3 00 8F 16 
2561	-58	30	21	1	80 00 7B 2A CB 00 03 E3 
2561	-61	31	21	1	E0 00 7B 80 03 00 B9 5B 
2561	-66	32	21	1	50 00 7B FF 73 00 BE 97 
2561	-68	33	21	1	40 00 7B FF C3 00 BA 1E 
2561	-60	34	21	1	80 00 7B 2A CB 00 03 E3 
2562	-68	35	21	1	E0 00 7B 80 03 00 B9 5B 
2561	-62	36	21	1	50 00 7B FF 73 00 BE 97 
2561	-64	37	21	1	90 00 7B 00 03 08 46 95 
2561	-63	38	21	1	80 00 7B 2A CB 00 03 E3 
2561	-65	39	21	1	E0 00 7B 80 03 00 B9 5B 
2561	-64	40	21	1	50 00 7B FF 73 00 BE 97 
2561	-58	41	21	1	A0 00 7B F4 2B 00 58 CC 
2561	-64	42	21	1	80 00 7B 2A CB 00 03 E3 
Got CRC error. 4C 35 21 3B 7C 9C 69 9C    Seconds since last error: 77    Minutes running: 47.49

69191	-58	18	22	1	60 00 7B FF C3 00 8F 16 
2561	-61	19	22	1	80 00 7B 2A BB 00 0B BA 
RxTime	RSSI	chan	crc err	ID	packet
2561	-65	20	22	1	E0 00 7B 80 03 00 B9 5B 
2549	-57	21	22	1	50 00 7B FF 73 00 BE 97 
2561	-65	22	22	1	40 00 7B FF C3 00 BA 1E 
2561	-64	23	22	1	80 00 7B 2A BB 00 0B BA 
2561	-60	24	22	1	E0 00 7B 80 03 00 B9 5B 
2561	-59	25	22	1	50 00 7B FF 73 00 BE 97 
2561	-58	26	22	1	90 00 7B 01 03 18 63 94 
2561	-63	27	22	1	80 00 7B 2A BB 00 0B BA 
2561	-66	28	22	1	E0 00 7B 80 03 00 B9 5B 
2561	-62	29	22	1	50 00 7B FF 73 00 BE 97 
2561	-57	30	22	1	A0 00 7B ED 2B 00 85 3E 
2561	-60	31	22	1	80 00 7B 2A BB 00 0B BA 
2562	-66	32	22	1	E0 00 7B 80 03 00 B9 5B 
2561	-62	33	22	1	50 00 7B FF 73 00 BE 97 
2562	-58	34	22	1	A0 00 7B ED 2B 00 85 3E 
2561	-64	35	22	1	80 00 7B 2A BB 00 0B BA 
2561	-62	36	22	1	E0 00 7B 80 03 00 B9 5B 
2561	-64	37	22	1	50 00 7B FF 73 00 BE 97 
2561	-60	38	22	1	60 00 7B FF C3 00 8F 16 
2561	-63	39	22	1	80 00 7B 2A BB 00 0B BA 
2561	-66	40	22	1	E0 00 7B 80 03 00 B9 5B 
2561	-57	41	22	1	50 00 7B FF 73 00 BE 97 
RxTime	RSSI	chan	crc err	ID	packet
2562	-60	42	22	1	40 00 7B FF C3 00 BA 1E 
Got CRC error. 31 B9 F7 F3 30 D7 BB F4    Seconds since last error: 132    Minutes running: 49.69

